1,0.19527,0.21339,0.25535,0.20353,0.17069,0.48023,0.14488,0.14472,0.10583,0.31841,0.31869,0.20679,0.25201,0.50977,0.36153,0.24077,0.21062,0.19305,0.2036,0.16296,0.14657,0.40144,0.21673,0.20517,0.24522,0.39206,0.43282,0.27201,0.25495,0.56994,0.399,0.19458,0.15287,0.28868,0.57571,0.29543,0.21967,0.63206,0.68309,0.092131,0.45271,0.51209,0.32523,0.44797,0.18342,0.48314,0.5282,0.23097,0.21136,0.031731,0.48358,0.33466,0.39747,0.35346,0.2613,0.43373,0.47065,0.609,0.33935,0.27235,0.49711,0.40144,0.30659,0.44235,0.42404,0.76595,0.37616,0.43103,0.43736,0.30476,0.13058,0.29483,0.26684,0.45043,0.49549,0.50942,0.37121,0.187,0.18933,0.34386,0.53413,0.25205,0.22983,0.45049,0.47967,0.13633,0.02509,0.49332,0.4856,0.40863,0.57621,0.35655,0.50207,0.40536,0.25596,0.53604,0.53737,0.21439,0.15691,0.74917,0.22864,0.19293,0.26324,0.19619,0.11683,0.48365,0.067012,0.11246,0.21214,0.33277,0.23359,0.27942,0.30856,0.45233,0.29027,0.17225,0.073396,0.1846,0.12276,0.077335,0.074225,0.41526,0.10527,0.15491,0.32381,0.34236,0.35985,0.12798,0.076388,0.47915,0.36827,0.19666,0.26885,0.38236,0.56419,0.25831,0.12945,0.57083,0.71909,0.17623,0.37331,0.49291,0.43756,0.35673,0.17149,0.41708,0.47152,0.20349,0.13848,0.0055875,0.44111,0.36721,0.3879,0.19684,0.20265,0.45393,0.48093,0.45656,0.2472,0.20574,0.41614,0.20808,0.24643,0.45463,0.40614,0.34828,0.33869,0.38538,0.50432,0.19236,0.074302,0.42269,0.27105,0.44295,0.50685,0.39992,0.18697,0.20688,0.23371,0.27233,0.51743,0.22546,0.28364,0.41615,0.37222,0.026396,0.031397,0.47684,0.46575,0.20967,0.45949,0.3632,0.43622,0.46376,0.2136,0.47456,0.49007,0.15589,0.17938
0.19527,1,0.16466,0.32942,0.24621,0.053516,0.096986,0.31509,0.13081,-0.0098393,0.39771,0.12593,0.23774,0.34958,0.2564,0.42179,0.40653,0.12618,0.42888,0.38571,0.21774,0.21833,0.32766,0.13672,0.16507,0.44916,0.37064,0.20333,0.20898,0.17126,0.25949,0.31379,0.26601,0.19984,0.38057,0.26455,0.51527,0.40112,0.37877,0.28769,0.060934,-0.0096526,0.30267,0.28428,0.43688,0.33906,0.28741,0.33076,0.33684,0.4596,0.16471,0.25215,0.40447,0.47753,0.096562,0.10461,0.14726,0.20034,0.15012,0.3162,0.29514,0.27173,0.051703,0.17481,0.31178,0.23404,0.233,0.43597,0.14629,0.26474,-0.042916,0.10737,0.23611,0.42126,0.28552,0.3099,0.14026,0.12395,0.37414,0.34117,0.40678,0.1437,0.43025,0.30569,0.40149,0.38475,0.024569,0.026012,0.34113,0.26051,0.13174,0.28976,0.18795,0.24249,0.26804,0.18566,0.29043,0.24572,0.1717,0.012633,0.15056,0.4487,0.11308,0.33443,0.21552,0.032464,0.24083,0.25396,-0.084896,0.052602,0.36841,0.3089,0.17162,0.37312,0.29155,0.39412,0.44063,0.11026,0.43938,0.42961,0.14549,0.087891,0.32496,0.22401,0.17223,0.48091,0.30503,0.12253,0.23931,0.271,0.26999,0.41683,0.3101,0.23644,0.24623,0.2875,0.45425,0.25371,0.41093,0.19624,-0.01005,0.012299,0.29894,0.2721,0.46278,0.33599,0.29006,0.29207,0.35383,0.40655,0.15339,0.24495,0.42603,0.43379,0.18022,0.30065,0.12385,0.21531,0.14006,0.40793,0.23813,0.17854,-0.015823,0.044187,0.25101,0.20967,0.55134,0.45153,0.10468,0.25938,-0.0095745,0.13493,0.35496,0.39923,0.25135,0.2799,0.1017,0.084958,0.39413,0.28957,0.33171,0.049392,0.42286,0.34568,0.33982,0.41029,-0.052176,-0.024165,0.28527,0.25064,0.19622,0.17722,0.14028,0.25496,0.19342,0.12655,0.26583,0.22923,0.16505,0.082157
0.21339,0.16466,1,0.30701,0.23461,0.26793,0.19258,0.1913,0.17297,0.18196,0.31032,0.17623,0.24579,0.32992,0.35652,0.25918,0.31743,0.1909,0.28496,0.2737,0.17273,0.18583,0.27276,0.29274,0.33136,0.25365,0.26394,0.23796,0.27521,0.30414,0.16169,0.18045,0.24667,0.20205,0.20916,0.22017,0.23862,0.31668,0.29973,0.31302,0.081566,0.10919,0.22183,0.11101,0.30961,0.30555,0.28245,0.31504,0.16276,0.2237,0.041909,0.18792,0.26063,0.25986,0.2248,0.27579,0.26226,0.26249,0.21382,0.16572,0.32279,0.2484,0.26278,0.31676,0.28205,0.24258,0.20566,0.2555,0.23161,0.27995,0.28442,0.29178,0.25931,0.28294,0.21283,0.26944,0.13684,0.17526,0.2838,0.29506,0.2597,0.17733,0.21612,0.2089,0.31178,0.31439,0.086103,0.087809,0.32127,0.25233,0.33326,0.36813,0.20202,0.30587,0.31288,0.27455,0.29179,0.25532,0.28106,0.2206,0.16261,0.15207,0.18425,0.23966,0.20122,0.21896,0.14586,0.10265,0.13122,0.13863,0.30562,0.24192,0.20649,0.322,0.31044,0.2306,0.24779,0.17335,0.2722,0.16408,0.17546,0.029591,0.27863,0.21546,0.18946,0.22293,0.24895,0.1916,0.23066,0.22426,0.16092,0.19652,0.22798,0.19917,0.15722,0.28359,0.16778,0.2049,0.29403,0.2507,0.12787,0.070497,0.24728,0.1386,0.24865,0.2695,0.24977,0.2712,0.20409,0.18182,-0.013629,0.18722,0.29077,0.22856,0.17716,0.2472,0.23413,0.23426,0.11522,0.16475,0.24,0.23434,0.22644,0.19591,0.25742,0.21327,0.19791,0.25526,0.20406,0.27078,0.18844,0.23553,0.30128,0.22258,0.23799,0.24915,0.10477,0.093095,0.23921,0.25255,0.15805,0.085677,0.1957,0.17072,0.28519,0.26723,0.037073,-0.044175,0.24077,0.22411,0.25581,0.25417,0.21706,0.26015,0.25307,0.25255,0.20436,0.24555,0.2139,0.10318
0.25535,0.32942,0.30701,1,0.51475,0.24249,0.028563,0.40837,0.30905,0.064121,0.488,0.17334,0.40905,0.49364,0.4967,0.31704,0.4689,0.34214,0.52688,0.47696,0.24237,0.34927,0.43002,0.54854,0.47981,0.39695,0.44508,0.34902,0.54547,0.44419,0.12858,0.19698,0.75211,0.68691,0.29386,0.3217,0.48065,0.48627,0.50399,0.52652,0.097611,0.041396,0.41161,0.22051,0.68483,0.71103,0.49643,0.54284,0.39768,0.54589,-0.030263,0.39596,0.41333,0.494,0.36716,0.49865,0.40115,0.41102,0.16954,0.2604,0.37198,0.34646,0.26638,0.57757,0.54524,0.46897,0.28545,0.42603,0.31282,0.34926,0.28003,0.57054,0.39865,0.38335,0.43359,0.54044,0.15561,0.2519,0.64188,0.56277,0.48792,0.31689,0.33284,0.36433,0.56612,0.50008,0.093282,0.15159,0.52233,0.472,0.54176,0.63369,0.28346,0.43253,0.47116,0.37062,0.4869,0.49841,0.39157,0.3144,0.26729,0.30258,0.21078,0.68623,0.34758,0.29446,0.21963,0.32086,0.17144,0.11115,0.50391,0.44369,0.3918,0.54824,0.55886,0.30066,0.44952,0.34606,0.52229,0.41662,0.26341,-0.018066,0.47419,0.49813,0.49634,0.41101,0.33255,0.22723,0.51949,0.3955,0.2355,0.35113,0.68822,0.58823,0.29184,0.4318,0.46523,0.4319,0.56873,0.42515,0.18667,0.051648,0.4434,0.34292,0.60447,0.69047,0.50223,0.51574,0.44037,0.45598,-0.058265,0.37233,0.49994,0.41374,0.38048,0.50225,0.30999,0.41941,0.1931,0.3692,0.3337,0.29508,0.29826,0.43928,0.50493,0.44334,0.45228,0.41286,0.25096,0.40804,0.32486,0.54418,0.48419,0.34314,0.40957,0.51318,0.21409,0.18151,0.63856,0.61604,0.33958,0.23803,0.37497,0.4173,0.50032,0.45667,0.083047,-0.10798,0.40055,0.49759,0.60914,0.57477,0.30033,0.40461,0.42331,0.37132,0.37917,0.4768,0.43382,0.37927
0.20353,0.24621,0.23461,0.51475,1,0.13238,0.0047921,0.27467,0.20624,0.036922,0.35671,0.097386,0.42597,0.3702,0.32938,0.25041,0.32485,0.21178,0.39165,0.249,0.11899,0.20757,0.36987,0.30471,0.3101,0.28283,0.3486,0.25099,0.32697,0.2589,0.11028,0.11907,0.45298,0.48744,0.26926,0.32022,0.30825,0.31323,0.38603,0.3862,0.096665,0.013427,0.38338,0.1894,0.47492,0.43,0.42217,0.45705,0.25118,0.32653,-0.078137,0.36813,0.32879,0.37844,0.22235,0.31902,0.32383,0.33411,0.12924,0.16581,0.27874,0.33105,0.2068,0.38292,0.47391,0.43182,0.22667,0.32984,0.25974,0.30373,0.15756,0.35783,0.31812,0.28162,0.41538,0.44963,0.13445,0.14938,0.47752,0.42313,0.38505,0.27029,0.25147,0.23329,0.4615,0.40668,0.12559,0.073595,0.43484,0.42827,0.34617,0.49193,0.21522,0.36355,0.38311,0.31711,0.38437,0.42005,0.23944,0.18615,0.24403,0.23599,0.16097,0.4853,0.30504,0.16664,0.1491,0.20711,0.1058,0.067701,0.41326,0.25867,0.30651,0.42525,0.38681,0.28006,0.32051,0.22369,0.42329,0.27669,0.15286,-0.0060182,0.39009,0.26491,0.32576,0.35202,0.24521,0.14975,0.32649,0.21778,0.24032,0.27519,0.44714,0.482,0.30158,0.43544,0.32932,0.25279,0.47496,0.36224,0.156,0.084094,0.42234,0.32007,0.43809,0.41976,0.45697,0.47561,0.27266,0.30826,-0.063493,0.35265,0.42598,0.35013,0.24424,0.31985,0.26552,0.36794,0.12541,0.25794,0.3305,0.29955,0.20245,0.30053,0.45274,0.39802,0.36507,0.35087,0.20472,0.33637,0.2011,0.33885,0.3813,0.28765,0.4271,0.45832,0.14808,0.12578,0.47305,0.44093,0.29663,0.207,0.25774,0.27716,0.43447,0.3629,0.091744,-0.00042706,0.34736,0.44677,0.39204,0.46526,0.23896,0.3308,0.34251,0.3106,0.31711,0.40791,0.28078,0.25705
0.17069,0.053516,0.26793,0.24249,0.13238,1,0.53651,0.15044,0.32958,0.16878,0.17149,0.33268,0.20287,0.40233,0.64599,0.17632,0.46077,0.30799,0.25258,0.31813,0.21129,0.25597,0.15837,0.58607,0.63925,0.10617,0.13949,0.13124,0.48782,0.63377,0.032842,0.13449,0.11539,0.089335,0.069781,0.062223,0.056182,0.41594,0.16909,0.25558,0.21885,0.19898,0.067383,-0.02517,0.30601,0.29885,0.21672,0.24489,0.073064,0.14899,0.11027,0.070635,0.25451,0.12803,0.57665,0.54832,0.16108,0.15639,0.4263,0.31199,0.39441,0.10729,0.49348,0.51537,0.211,0.18489,0.20684,0.095779,0.16639,0.13136,0.70976,0.46046,0.13215,0.1691,0.10437,0.18686,0.0094581,0.14369,0.27731,0.33311,0.094569,0.14286,0.12684,0.13528,0.22049,0.28768,0.13523,0.15003,0.20491,0.1278,0.64326,0.44446,0.072599,0.1494,0.2141,0.1934,0.2392,0.14726,0.39762,0.37603,0.067996,0.039243,0.12154,0.056061,0.058817,0.60975,0.20241,0.058708,0.21636,0.13285,0.18439,0.24182,0.14035,0.33055,0.37165,0.064743,0.20337,0.18046,0.17225,0.013369,0.27733,0.068375,0.17052,0.27771,0.28356,-0.012894,0.061615,0.08862,0.20477,0.31237,-0.040892,0.051299,0.027836,0.021806,0.008763,0.13922,-0.11489,0.28102,0.18191,0.10695,0.12009,0.0095211,0.13057,-0.022045,0.08176,0.1356,0.16557,0.15465,0.025632,-0.01503,-0.00028502,0.02114,0.18812,0.054199,0.27874,0.26026,0.17056,0.12397,0.20627,0.07791,0.11595,0.076605,0.27243,0.217,0.18873,0.16015,7.9599e-06,0.085232,0.082707,0.14604,0.42482,0.27438,0.1807,0.068625,0.10511,0.11824,0.10558,0.040373,0.11733,0.23442,-0.021421,-0.057744,0.017484,0.10469,0.19704,0.2254,0.094029,-0.0018714,0.16394,0.1672,0.30103,0.2276,0.10915,0.11811,0.13294,0.18274,0.089142,0.17399,0.29007,-0.060424
0.48023,0.096986,0.19258,0.028563,0.0047921,0.53651,1,0.061865,0.22503,0.19927,0.15267,0.57319,0.14474,0.24059,0.51037,0.30205,0.31818,0.15502,0.11828,0.28387,0.14723,0.22664,0.14023,0.30902,0.3296,0.13672,0.14732,0.15258,0.33195,0.42224,0.3203,0.39759,-0.053975,-0.14112,0.13904,0.20805,0.13348,0.3048,0.22919,0.33498,0.1872,0.41709,0.16888,0.23964,0.24739,0.083042,0.17737,0.21368,0.11487,0.099054,0.30304,0.1614,0.25473,0.14695,0.5386,0.30919,0.10505,0.15856,0.7431,0.49331,0.29142,0.19,0.46388,0.29785,0.17523,0.13726,0.53032,0.12441,0.15663,0.16647,0.54705,0.067495,0.10224,0.22187,0.12696,0.17172,0.26935,0.29038,0.05381,0.11938,0.08027,0.29729,0.27392,0.17148,0.2448,0.29928,0.073617,0.044363,0.183,0.1346,0.4405,0.31604,0.077885,0.16236,0.13973,0.082393,0.25154,0.17165,0.24303,0.16074,0.3762,0.13689,0.08426,-0.042916,0.0013396,0.32655,0.53894,-0.0017795,0.12676,0.17819,0.14499,0.23031,0.10591,0.17999,0.31017,0.10982,0.10035,-0.080754,0.037304,0.021953,0.11159,0.19554,0.13056,0.055353,0.10868,0.080524,0.13002,0.1001,0.066042,0.16404,0.18324,0.18643,-0.064051,-0.090812,0.043361,0.18233,-0.012079,0.10536,0.16905,0.26822,0.091314,0.23497,0.17954,0.16195,0.070987,-0.057143,0.11557,0.10896,0.036291,-0.061292,0.22674,0.15141,0.14546,0.13128,0.18315,0.067846,0.17273,0.13287,0.45597,0.18556,0.041834,0.1358,0.19739,0.10402,0.15714,0.12306,0.1193,0.11245,0.13566,0.18651,0.24948,-0.10111,0.2007,0.13061,0.13911,0.13223,0.30006,0.11578,-0.050219,0.044248,0.029386,0.16618,0.13197,0.1359,0.21574,0.29032,-0.0049689,0.071161,0.22431,0.099384,0.048235,0.14692,0.1368,0.17283,0.13612,0.037529,0.16851,0.15839,0.083865,-0.062318
0.14488,0.31509,0.1913,0.40837,0.27467,0.15044,0.061865,1,0.15294,0.071908,0.30018,0.22786,0.15885,0.1889,0.28765,0.19601,0.23511,0.33548,0.18203,0.47039,0.18839,0.24291,0.23248,0.16061,0.26749,0.20032,0.23958,0.080728,0.27816,0.16701,0.12148,0.17182,0.41085,0.24829,0.15832,0.15455,0.45698,0.20238,0.28872,0.27897,0.03427,0.064139,0.2346,0.31541,0.40184,0.33656,0.22356,0.23291,0.27595,0.37454,0.19011,0.23131,0.13961,0.22046,0.0981,0.16615,0.080532,0.12028,0.04638,0.20781,0.098981,0.17898,0.22913,0.39595,0.23565,0.19715,0.23693,0.24037,0.028662,0.11567,0.19825,0.28285,0.1753,0.27647,0.20616,0.24277,0.13304,0.17895,0.26243,0.16386,0.2907,0.2434,0.24706,0.27659,0.29595,0.25312,0.12472,0.11035,0.22651,0.20016,0.33644,0.36951,0.019095,0.14959,0.16291,0.14277,0.2519,0.21416,0.4465,0.27143,0.16575,0.28555,0.10268,0.38193,0.16937,0.15506,0.21648,0.38699,0.091456,0.12438,0.27744,0.37927,0.20084,0.23268,0.37858,0.16891,0.22962,0.39883,0.19771,0.35231,0.10405,0.04045,0.249,0.21091,0.2627,0.21827,0.17543,-0.013218,0.30934,0.17831,0.15502,0.25226,0.42886,0.22052,0.11418,0.22143,0.37237,0.13283,0.31639,0.17513,0.14323,0.13902,0.20678,0.22739,0.3567,0.35257,0.20854,0.2176,0.3505,0.33712,0.1426,0.2102,0.19874,0.1969,0.087023,0.20713,0.064988,0.1487,0.11233,0.31789,0.12228,0.14578,0.2964,0.35573,0.188,0.13228,0.36916,0.26186,0.02214,0.18912,0.22117,0.23168,0.25589,0.2544,0.18427,0.22846,0.18317,0.15559,0.31411,0.2137,0.22995,0.12151,0.29068,0.32396,0.25385,0.28532,0.060611,-0.076337,0.16764,0.19255,0.36166,0.32048,0.037778,0.15444,0.14629,0.15009,0.195,0.17657,0.41798,0.31462
0.14472,0.13081,0.17297,0.30905,0.20624,0.32958,0.22503,0.15294,1,0.071978,0.2755,0.24729,0.25643,0.29947,0.43162,0.25713,0.3369,0.20482,0.23943,0.252,0.077913,0.20268,0.24533,0.31563,0.28794,0.23818,0.23447,0.15295,0.37305,0.26621,0.078692,0.16042,0.30859,0.2209,0.1997,0.15502,0.21272,0.24917,0.23295,0.2764,0.15714,0.099289,0.13734,0.078313,0.39709,0.33689,0.25233,0.26577,0.18483,0.24885,0.045556,0.11511,0.2296,0.25012,0.31658,0.25689,0.15968,0.19334,0.20983,0.20023,0.23822,0.16586,0.32921,0.39309,0.25739,0.21592,0.26307,0.26291,0.16961,0.22432,0.3721,0.25213,0.18491,0.30666,0.17756,0.24827,0.032038,0.14467,0.3019,0.23623,0.23759,0.19625,0.20315,0.18809,0.28469,0.27067,0.081798,0.066609,0.22491,0.19122,0.46599,0.38805,0.097406,0.23014,0.25753,0.22312,0.24777,0.2073,0.35889,0.13575,0.12589,0.17199,0.090115,0.26527,0.10967,0.29983,0.23028,0.11867,0.26861,0.11745,0.29125,0.25223,0.1501,0.25813,0.34971,0.22962,0.2474,0.16247,0.2219,0.16465,0.084809,0.060185,0.25984,0.22146,0.29355,0.20804,0.1243,0.056891,0.32055,0.25126,0.12602,0.2153,0.31239,0.18588,0.16035,0.23885,0.1528,0.19219,0.27306,0.17301,0.1005,0.086996,0.18282,0.1042,0.27979,0.28674,0.21825,0.23054,0.18731,0.14831,-0.0079294,0.13022,0.24377,0.20043,0.19126,0.13992,0.12553,0.20407,0.14532,0.24458,0.2082,0.17671,0.31225,0.31138,0.21785,0.17845,0.25055,0.25608,0.06558,0.20017,0.31076,0.22929,0.27578,0.23975,0.15862,0.20483,0.18,0.12807,0.22544,0.20611,0.13238,0.10213,0.15905,0.19546,0.23493,0.21429,0.071589,-0.014838,0.16838,0.20147,0.34609,0.30052,0.10569,0.22581,0.1679,0.20882,0.14783,0.21719,0.32268,0.10177
0.10583,-0.0098393,0.18196,0.064121,0.036922,0.16878,0.19927,0.071908,0.071978,1,0.10032,0.19718,0.12805,-0.0017432,0.12804,0.095324,-0.040442,0.18754,-0.083719,0.049818,-0.029452,0.027795,0.046294,0.034666,0.091606,0.014603,0.054713,0.066837,0.028006,0.02563,0.13167,0.1022,0.041373,-0.010522,0.0065652,0.063318,-0.0069204,-0.02618,0.068378,0.083305,0.050894,0.21427,0.02352,0.091366,0.064413,-0.0092607,0.033486,0.047878,0.034898,-0.021196,0.080925,0.052072,-0.029813,-0.00025919,0.080954,0.057295,0.02076,0.041496,0.1664,0.070274,0.020711,0.066645,0.29325,0.1736,0.030817,0.042864,0.13048,0.071441,0.048828,0.052817,0.24283,0.081127,0.049656,0.07795,-0.0097366,0.014086,0.13868,0.21657,-0.055358,-0.073809,0.040522,0.18114,0.096923,0.092697,0.076094,0.051725,0.069361,0.012445,0.030595,0.026733,0.16017,0.11792,0.04166,0.079928,0.045331,0.069377,0.032441,0.033066,0.17234,0.20702,0.11147,-0.0029214,0.0437,0.0092328,0.021632,0.046849,0.083536,0.020314,0.12445,0.1771,0.098771,0.016046,0.079351,-0.03179,0.10059,0.037006,-0.13912,0.084393,-0.10983,-0.082035,-0.066635,0.025188,0.039891,-0.070601,-0.027971,-0.022303,0.025276,0.04556,-0.039508,-0.092246,0.11494,0.036348,5.4743e-05,0.0096413,-0.018004,0.059898,-0.073087,-0.14253,0.039289,0.066561,0.082055,0.17389,0.00049965,0.0086218,0.024949,-0.04317,-0.0054011,0.030123,0.025676,-0.016202,0.011213,0.024701,-0.056598,0.015129,-0.080988,-0.10769,0.048264,-0.020671,0.045303,-0.020671,-0.029805,0.059974,0.21991,0.17043,0.010666,-0.0050644,-0.014447,0.045445,0.026033,0.036433,0.12012,-0.0086195,0.062475,0.045646,0.011896,0.027162,0.19707,0.19522,-0.089205,-0.071783,-0.050857,0.086474,-0.017827,0.0038585,0.055711,0.052668,0.10963,0.0051013,0.0024739,0.0063816,-0.015128,0.10786,0.051476,0.066731,0.018136,0.052106,0.046111,0.021102,0.11225,0.11685
0.31841,0.39771,0.31032,0.488,0.35671,0.17149,0.15267,0.30018,0.2755,0.10032,1,0.1812,0.26278,0.42555,0.49011,0.53362,0.44575,0.20258,0.42404,0.41883,0.26193,0.24208,0.6143,0.3065,0.30009,0.44331,0.50719,0.38641,0.34992,0.30419,0.25916,0.29761,0.4151,0.3392,0.42095,0.43163,0.49389,0.44354,0.70738,0.62176,0.087219,0.053341,0.37707,0.25294,0.59907,0.44058,0.4569,0.4876,0.31787,0.50275,0.0341,0.34215,0.3953,0.50814,0.2702,0.26988,0.33431,0.34454,0.20207,0.32623,0.45123,0.48234,0.24775,0.39634,0.47257,0.37979,0.36942,0.61515,0.38303,0.42972,0.16654,0.28057,0.53177,0.59654,0.38346,0.48174,0.19191,0.24482,0.46214,0.41597,0.67307,0.31428,0.48009,0.36849,0.54597,0.5272,0.025248,0.040903,0.49834,0.42632,0.37806,0.49222,0.3845,0.51982,0.48254,0.50034,0.44318,0.44908,0.27019,0.073533,0.21814,0.36615,0.1835,0.46796,0.33503,0.18892,0.25557,0.28793,0.036188,0.15647,0.68299,0.39466,0.27955,0.46172,0.43125,0.53024,0.45581,0.18278,0.4537,0.4166,0.1756,0.030239,0.61269,0.3486,0.28839,0.48673,0.38338,0.31426,0.39426,0.37477,0.33907,0.47645,0.41319,0.3618,0.28058,0.50378,0.41968,0.31928,0.67907,0.40604,0.075527,0.038056,0.37456,0.33006,0.54389,0.42739,0.42021,0.44608,0.42065,0.43459,0.02791,0.34813,0.45338,0.44589,0.25049,0.35289,0.31754,0.38631,0.16865,0.47405,0.47496,0.42475,0.1843,0.22786,0.43694,0.37424,0.53851,0.59385,0.31404,0.47618,0.13821,0.2758,0.59189,0.50564,0.33133,0.46132,0.18897,0.11722,0.42337,0.34715,0.48101,0.14576,0.4427,0.43966,0.46373,0.47602,0.0059644,-0.023353,0.38987,0.42209,0.36894,0.29714,0.34767,0.51778,0.39149,0.44619,0.40242,0.41589,0.29924,0.094114
0.31869,0.12593,0.17623,0.17334,0.097386,0.33268,0.57319,0.22786,0.24729,0.19718,0.1812,1,0.15708,0.14351,0.38139,0.16887,0.18195,0.26722,0.053577,0.33454,0.13548,0.20638,0.11365,0.23975,0.25616,0.072287,0.16215,0.11059,0.32416,0.28883,0.19706,0.28503,0.16341,0.032868,0.066661,0.11802,0.19404,0.18443,0.17775,0.30899,0.10849,0.32574,0.17838,0.27182,0.27302,0.15549,0.14742,0.17709,0.21181,0.1727,0.27632,0.16992,0.1203,0.12435,0.39569,0.22419,0.086321,0.14814,0.48907,0.34544,0.13952,0.13481,0.44914,0.35402,0.14806,0.11106,0.40241,0.098606,0.098063,0.14865,0.47279,0.16587,0.073654,0.17517,0.12267,0.16298,0.27059,0.31919,0.070054,0.077141,0.094311,0.3131,0.22294,0.21615,0.23694,0.23164,0.10021,0.075688,0.14437,0.11138,0.40324,0.31766,0.068477,0.15673,0.12357,0.058922,0.24516,0.15665,0.37617,0.27773,0.32991,0.16039,0.12693,0.11993,0.075572,0.25911,0.45081,0.12404,0.24447,0.22628,0.20897,0.31382,0.15322,0.10706,0.32185,0.031455,0.018618,0.12113,0.0029279,0.10212,0.084895,0.1307,0.12201,0.058183,0.1711,0.035507,0.10062,0.057456,0.14556,0.10239,0.13488,0.17301,0.13691,0.050377,0.027985,0.14512,0.080702,0.040048,0.17015,0.23334,0.15944,0.2755,0.16003,0.17325,0.14987,0.061805,0.11302,0.10906,0.14384,0.065986,0.20025,0.15866,0.086794,0.10589,0.12008,0.045893,0.13192,0.11607,0.32301,0.20116,-0.010919,0.084206,0.30733,0.26818,0.13983,0.12453,0.13118,0.086422,0.098668,0.14967,0.29688,0.0048325,0.19297,0.15812,0.13711,0.1415,0.32588,0.20568,0.018384,0.076392,0.062086,0.25142,0.13215,0.1949,0.19136,0.22786,0.080348,0.060614,0.15206,0.068169,0.14602,0.24411,0.10907,0.15451,0.13116,0.055027,0.14648,0.13404,0.24942,0.15667
0.20679,0.23774,0.24579,0.40905,0.42597,0.20287,0.14474,0.15885,0.25643,0.12805,0.26278,0.15708,1,0.48148,0.34424,0.25516,0.38024,0.21713,0.42841,0.20892,0.18857,0.17941,0.27235,0.32386,0.31304,0.32988,0.28022,0.21718,0.2634,0.28494,0.11318,0.17542,0.33451,0.34892,0.25072,0.24639,0.18678,0.37585,0.28251,0.3018,0.25023,0.064203,0.30093,0.14164,0.39466,0.38752,0.39706,0.41785,0.229,0.28401,0.0071578,0.28182,0.42693,0.34884,0.27121,0.2994,0.25947,0.28576,0.28661,0.18122,0.35581,0.22306,0.20901,0.27987,0.39127,0.34027,0.2116,0.30443,0.21892,0.27666,0.22033,0.27396,0.24784,0.26859,0.31944,0.3709,0.1402,0.1833,0.41529,0.43146,0.29401,0.28058,0.24413,0.19559,0.39787,0.39558,0.12165,0.086832,0.39547,0.34926,0.28879,0.40754,0.17254,0.29385,0.31831,0.24029,0.33004,0.32546,0.19732,0.22086,0.21473,0.18435,0.18902,0.32453,0.2499,0.10874,0.16616,0.065265,0.1414,0.10681,0.29164,0.18106,0.37348,0.40054,0.3386,0.22056,0.28228,0.089585,0.38112,0.13903,0.15745,0.050634,0.29066,0.16768,0.20316,0.29564,0.21317,0.11433,0.17785,0.13555,0.1617,0.21197,0.29898,0.36516,0.23638,0.30701,0.18344,0.1833,0.35195,0.26853,0.15216,0.099716,0.32592,0.21467,0.35432,0.30172,0.3626,0.40219,0.16782,0.20061,-0.02573,0.25994,0.40391,0.32723,0.20492,0.22632,0.21501,0.29084,0.18764,0.15006,0.25737,0.18707,0.14828,0.19975,0.33809,0.3319,0.31439,0.28991,0.17066,0.27448,0.13152,0.20598,0.32016,0.24066,0.3197,0.34298,0.18929,0.13655,0.35461,0.36767,0.19619,0.16605,0.19146,0.20086,0.35425,0.35369,0.099168,-0.011633,0.29069,0.33467,0.22757,0.39254,0.17503,0.23795,0.27631,0.21397,0.2637,0.31198,0.14347,0.15893
0.25201,0.34958,0.32992,0.49364,0.3702,0.40233,0.24059,0.1889,0.29947,-0.0017432,0.42555,0.14351,0.48148,1,0.62849,0.47565,0.82235,0.12752,0.82839,0.32776,0.42824,0.34768,0.45997,0.53865,0.52908,0.5357,0.43661,0.34487,0.407,0.51044,0.11101,0.20465,0.29181,0.35369,0.43195,0.38446,0.35573,0.75452,0.53489,0.4535,0.23336,-0.041891,0.45517,0.054688,0.54668,0.5624,0.6076,0.68277,0.22556,0.50112,-0.090949,0.40707,0.77702,0.59255,0.4045,0.43865,0.45289,0.4797,0.36345,0.29808,0.74648,0.42506,0.17584,0.34453,0.59182,0.53627,0.24135,0.48568,0.35165,0.40786,0.23831,0.34859,0.36882,0.475,0.55006,0.62094,0.040732,0.11764,0.68798,0.7974,0.47055,0.1295,0.38781,0.28082,0.59525,0.64876,0.068493,0.12839,0.64486,0.5636,0.40634,0.5693,0.25651,0.46789,0.54903,0.42398,0.55476,0.52871,0.22056,0.15807,0.16401,0.25319,0.20817,0.33338,0.28491,0.29266,0.20408,0.10309,0.03234,0.055121,0.45202,0.2929,0.35407,0.75372,0.45057,0.41046,0.69799,0.026619,0.72557,0.25371,0.3393,0.054694,0.51053,0.40886,0.3009,0.43543,0.32489,0.2511,0.32955,0.44071,0.14848,0.30956,0.28,0.31786,0.38219,0.48715,0.28969,0.48544,0.56439,0.37362,0.069573,-0.093277,0.5283,0.25063,0.43903,0.44902,0.56491,0.60707,0.18735,0.31554,-0.11685,0.39241,0.74882,0.475,0.38654,0.53023,0.39588,0.52314,0.20709,0.26204,0.54811,0.31095,0.046577,0.042151,0.55242,0.50598,0.44858,0.4903,0.28356,0.41614,0.11041,0.29623,0.50317,0.37675,0.48882,0.5506,0.079984,0.028224,0.55664,0.60127,0.33532,-0.0069029,0.35352,0.30791,0.56434,0.53824,-0.028135,-0.033656,0.55194,0.57331,0.364,0.38574,0.25207,0.4007,0.45789,0.38714,0.44934,0.53892,0.16442,-0.033635
0.50977,0.2564,0.35652,0.4967,0.32938,0.64599,0.51037,0.28765,0.43162,0.12804,0.49011,0.38139,0.34424,0.62849,1,0.45286,0.64994,0.3496,0.48936,0.44462,0.31903,0.36843,0.47862,0.62734,0.63327,0.37565,0.44025,0.38661,0.56013,0.59363,0.24727,0.33309,0.36814,0.3042,0.34862,0.38814,0.34881,0.5593,0.58035,0.62573,0.21089,0.26279,0.37995,0.16141,0.64076,0.51433,0.5238,0.58367,0.28001,0.44693,0.050552,0.35782,0.51363,0.47667,0.60932,0.55348,0.40692,0.40465,0.52639,0.41593,0.56336,0.39336,0.55184,0.62942,0.50088,0.44585,0.53737,0.46819,0.40599,0.41602,0.61533,0.46948,0.40777,0.463,0.40009,0.51833,0.14782,0.26064,0.50957,0.51432,0.4357,0.35643,0.35941,0.30936,0.53007,0.56779,0.12367,0.17472,0.53094,0.45456,0.75645,0.73888,0.3099,0.49926,0.4814,0.40578,0.55006,0.48335,0.44609,0.29704,0.34255,0.25114,0.19971,0.34951,0.241,0.51923,0.36705,0.18606,0.20925,0.16884,0.49825,0.39293,0.28781,0.56405,0.59468,0.35617,0.43651,0.19986,0.41416,0.2414,0.28925,0.088674,0.50922,0.40311,0.36873,0.33715,0.309,0.28706,0.38994,0.42016,0.23637,0.34407,0.31299,0.24913,0.26013,0.46391,0.20934,0.37939,0.58103,0.44729,0.15805,0.10202,0.43028,0.23243,0.44417,0.3877,0.43811,0.4763,0.24869,0.23883,-0.036041,0.32413,0.48475,0.38573,0.36859,0.40493,0.36899,0.41615,0.3149,0.33392,0.35819,0.32408,0.32008,0.29022,0.47569,0.41887,0.37518,0.43213,0.30521,0.44477,0.37409,0.34789,0.51557,0.36922,0.36405,0.46351,0.22354,0.11214,0.37964,0.41575,0.25853,0.13264,0.27256,0.33985,0.46304,0.45147,0.053017,0.014962,0.44774,0.46296,0.46309,0.45121,0.33258,0.44434,0.40541,0.3861,0.37891,0.472,0.37471,0.037885
0.36153,0.42179,0.25918,0.31704,0.25041,0.17632,0.30205,0.19601,0.25713,0.095324,0.53362,0.16887,0.25516,0.47565,0.45286,1,0.56341,0.095386,0.46583,0.28556,0.30037,0.23683,0.69378,0.20519,0.19313,0.58415,0.50312,0.33591,0.24292,0.26238,0.42867,0.43652,0.23247,0.17307,0.62801,0.54704,0.46016,0.48524,0.59322,0.43395,0.11839,0.067945,0.31821,0.16565,0.50896,0.30331,0.41233,0.43005,0.28186,0.42377,0.015255,0.271,0.538,0.58764,0.2248,0.15781,0.36541,0.44187,0.35824,0.46242,0.62095,0.57664,0.20526,0.23727,0.45301,0.35187,0.40089,0.73282,0.37431,0.49514,0.11348,0.11603,0.43728,0.7021,0.34796,0.43248,0.20182,0.20688,0.37741,0.33081,0.52362,0.21455,0.53452,0.34512,0.51587,0.49419,-0.0047925,0.036887,0.4621,0.39852,0.27354,0.41904,0.28769,0.49753,0.59658,0.54049,0.41267,0.40416,0.15727,-0.019194,0.23701,0.34029,0.17037,0.29768,0.23738,0.09783,0.27268,0.14651,-0.051334,0.069728,0.50709,0.22361,0.21186,0.43487,0.36531,0.74979,0.53689,-0.023243,0.44089,0.28771,0.13569,0.065725,0.65804,0.25334,0.14902,0.62303,0.40751,0.26714,0.27209,0.34181,0.48235,0.53297,0.24972,0.20604,0.37954,0.50376,0.37815,0.26732,0.55427,0.34272,0.0029626,-0.0083951,0.34521,0.244,0.44734,0.25643,0.37197,0.41841,0.32983,0.33046,-0.018123,0.28134,0.54292,0.53119,0.23206,0.27394,0.2556,0.40728,0.22528,0.41833,0.60916,0.54157,0.050457,0.045191,0.41105,0.30732,0.59395,0.7398,0.25787,0.49732,0.0093471,0.1073,0.56749,0.61943,0.28319,0.40484,0.13844,0.090611,0.30366,0.22544,0.34131,0.0715,0.42379,0.34472,0.44663,0.45897,-0.034837,-0.014178,0.38418,0.38354,0.20101,0.20367,0.29525,0.47274,0.40215,0.46821,0.35956,0.38102,0.093538,-0.023188
0.24077,0.40653,0.31743,0.4689,0.32485,0.46077,0.31818,0.23511,0.3369,-0.040442,0.44575,0.18195,0.38024,0.82235,0.64994,0.56341,1,0.070195,0.84716,0.46744,0.39083,0.37027,0.44866,0.57969,0.59752,0.63297,0.45127,0.2666,0.51926,0.55847,0.11603,0.23953,0.33142,0.28114,0.49848,0.30409,0.53858,0.8086,0.51353,0.42145,0.23016,-0.014796,0.29017,0.054175,0.62956,0.66494,0.45389,0.54764,0.28678,0.58484,0.027227,0.21913,0.76412,0.58383,0.45538,0.48225,0.36267,0.39491,0.33876,0.40948,0.74876,0.365,0.19558,0.39019,0.4468,0.37675,0.31908,0.49925,0.278,0.3604,0.28035,0.36512,0.33179,0.55135,0.39351,0.47852,0.034541,0.11841,0.74434,0.73941,0.49017,0.076916,0.46479,0.33897,0.49677,0.55835,-0.031022,0.1424,0.51173,0.39944,0.51991,0.53708,0.19125,0.36552,0.50753,0.39911,0.39208,0.37339,0.27831,0.030184,0.13351,0.32508,0.19103,0.31811,0.21355,0.39871,0.30875,0.17629,-0.0072169,0.033995,0.45335,0.39648,0.28407,0.7168,0.52755,0.46054,0.83206,0.018085,0.7668,0.42028,0.36449,0.058351,0.46997,0.54091,0.45589,0.49192,0.31676,0.18403,0.51387,0.61713,0.11376,0.36848,0.36191,0.25895,0.34238,0.38494,0.43985,0.60457,0.53053,0.30144,0.069555,-0.090196,0.37503,0.17048,0.49509,0.56247,0.43756,0.46309,0.26936,0.40163,-0.026327,0.22711,0.71941,0.44916,0.47008,0.6312,0.3004,0.4371,0.26253,0.42654,0.53557,0.28175,0.095587,0.098562,0.41287,0.34788,0.53973,0.48169,0.19781,0.36553,0.23399,0.36673,0.45745,0.44384,0.33404,0.38401,0.094759,0.031603,0.60413,0.5611,0.3433,-0.054623,0.42735,0.37113,0.44226,0.49551,-0.057284,-0.038139,0.40345,0.42663,0.51543,0.31906,0.18554,0.33455,0.38772,0.34781,0.28611,0.38394,0.27315,-0.022474
0.21062,0.12618,0.1909,0.34214,0.21178,0.30799,0.15502,0.33548,0.20482,0.18754,0.20258,0.26722,0.21713,0.12752,0.3496,0.095386,0.070195,1,0.0262,0.26158,0.18573,0.09688,0.19154,0.18031,0.30858,0.031006,0.18981,0.1901,0.182,0.18108,0.12153,0.14518,0.29457,0.2352,0.046676,0.15442,0.13211,0.050589,0.20232,0.32003,0.069789,0.16747,0.19004,0.16239,0.27194,0.16783,0.19445,0.19855,0.19482,0.15177,0.10253,0.18931,0.019995,0.10271,0.201,0.21694,0.20704,0.21449,0.17607,0.10481,0.096465,0.13107,0.41036,0.48795,0.22165,0.16964,0.21013,0.13291,0.16175,0.178,0.41842,0.39439,0.14237,0.14131,0.13807,0.19104,0.18047,0.22925,0.11019,0.085346,0.14292,0.36354,0.078778,0.17197,0.2297,0.20745,0.2165,0.091504,0.20544,0.1688,0.39479,0.42313,0.14629,0.23099,0.20724,0.16094,0.2726,0.21371,0.43176,0.53842,0.24044,0.087095,0.1979,0.24896,0.17786,0.17686,0.1666,0.23691,0.32557,0.19754,0.145,0.21694,0.22404,0.10224,0.32156,0.047813,-0.077526,0.48392,-0.03093,0.016828,0.04966,0.029014,0.17962,-0.01887,0.12271,0.042188,0.13499,0.12638,0.068291,-0.072963,0.137,0.074162,0.20457,0.21738,0.12596,0.21977,0.022172,-0.10211,0.21296,0.23863,0.17462,0.21315,0.15646,0.12361,0.15081,0.10596,0.14389,0.16413,0.13328,0.058311,0.012314,0.13864,0.051404,0.087255,-0.020172,0.011925,0.1607,0.14095,0.11001,0.037118,0.023809,0.14752,0.34192,0.44639,0.18572,0.16077,0.088836,0.13749,0.12726,0.19873,0.28035,0.20554,0.20519,0.10158,0.13651,0.17272,0.25558,0.20247,0.081765,0.11533,0.028001,0.27736,0.00021322,0.16752,0.19256,0.15536,0.2035,-0.03697,0.13532,0.1432,0.18559,0.38398,0.11304,0.15937,0.16453,0.17487,0.17022,0.1783,0.35214,0.36376
0.19305,0.42888,0.28496,0.52688,0.39165,0.25258,0.11828,0.18203,0.23943,-0.083719,0.42404,0.053577,0.42841,0.82839,0.48936,0.46583,0.84716,0.0262,1,0.3869,0.33524,0.32224,0.41001,0.49091,0.50412,0.68442,0.49037,0.34828,0.40778,0.45765,0.10586,0.18674,0.36371,0.40433,0.50198,0.32772,0.52204,0.77913,0.49732,0.39498,0.17805,-0.086194,0.41868,0.090429,0.601,0.68251,0.54278,0.62255,0.2892,0.57262,-0.066454,0.35596,0.81294,0.71438,0.31257,0.4141,0.42987,0.44661,0.22323,0.30689,0.66894,0.36061,0.033277,0.26227,0.54836,0.45451,0.19898,0.48842,0.32771,0.39003,0.0684,0.31639,0.36643,0.47374,0.53319,0.58041,0.054052,0.092881,0.8083,0.85677,0.50551,0.0499,0.43214,0.31637,0.56235,0.59957,-0.0079006,0.083072,0.60847,0.50195,0.31647,0.48873,0.27186,0.41678,0.50273,0.3534,0.4697,0.47885,0.16632,0.014158,0.14497,0.33042,0.21806,0.4152,0.29474,0.21107,0.18163,0.15384,-0.067215,-0.0079247,0.45049,0.3221,0.33958,0.76255,0.43493,0.40279,0.79488,0.0020401,0.89752,0.40646,0.3058,-0.0042869,0.44486,0.45605,0.39737,0.57352,0.38914,0.27446,0.42359,0.49293,0.1435,0.35823,0.3959,0.39416,0.43661,0.428,0.48748,0.54563,0.55064,0.35713,0.058535,-0.1102,0.50584,0.27192,0.57316,0.60137,0.54846,0.5663,0.2545,0.44365,-0.073862,0.35193,0.80305,0.599,0.40017,0.63541,0.36413,0.47295,0.17127,0.34847,0.50551,0.25233,-0.017757,0.03538,0.51997,0.46151,0.55201,0.4787,0.28288,0.40678,0.079838,0.34891,0.47401,0.38799,0.4837,0.51389,0.055326,-0.0033977,0.72789,0.65501,0.39082,-0.017264,0.41558,0.3363,0.53346,0.53187,-0.081746,-0.08898,0.51062,0.52906,0.43332,0.36382,0.27674,0.381,0.4068,0.30032,0.39484,0.49337,0.18703,0.0076242
0.2036,0.38571,0.2737,0.47696,0.249,0.31813,0.28387,0.47039,0.252,0.049818,0.41883,0.33454,0.20892,0.32776,0.44462,0.28556,0.46744,0.26158,0.3869,1,0.24751,0.3331,0.27557,0.38221,0.48507,0.34004,0.27248,0.12155,0.51703,0.44488,0.15226,0.32167,0.42649,0.23719,0.22872,0.16325,0.61596,0.48488,0.34924,0.36324,0.10389,0.09385,0.23018,0.33096,0.51621,0.52156,0.24712,0.30391,0.3739,0.49468,0.30578,0.21161,0.29976,0.31204,0.3359,0.3822,0.088818,0.14419,0.21825,0.45899,0.30635,0.2186,0.25757,0.48583,0.26281,0.18135,0.33379,0.27163,0.098175,0.17734,0.32194,0.40678,0.20381,0.37886,0.23406,0.28535,0.14586,0.24414,0.40369,0.35976,0.35564,0.19217,0.41347,0.36653,0.36852,0.33882,0.0068185,0.13474,0.28002,0.20139,0.4791,0.38114,0.059374,0.19039,0.2376,0.22705,0.29066,0.23322,0.46299,0.18782,0.19668,0.34809,0.15615,0.39098,0.16917,0.33954,0.36667,0.38395,0.044528,0.10307,0.36374,0.55425,0.18484,0.38592,0.48275,0.23573,0.41613,0.25749,0.38348,0.57623,0.22814,0.026501,0.29245,0.40642,0.43075,0.32962,0.198,0.070888,0.49568,0.44338,0.15622,0.35532,0.43926,0.20826,0.13018,0.2341,0.51014,0.38515,0.34834,0.20568,0.07719,0.12329,0.24333,0.25912,0.4058,0.49976,0.2429,0.21809,0.41547,0.37875,0.24419,0.23156,0.3366,0.25842,0.30267,0.42775,0.11135,0.19214,0.24598,0.49314,0.20233,0.17034,0.27744,0.29425,0.23339,0.15867,0.42549,0.27811,0.0956,0.20776,0.32567,0.31771,0.33421,0.30191,0.21117,0.25196,0.22741,0.12625,0.41878,0.38014,0.2895,0.1002,0.42767,0.40396,0.31487,0.39028,-0.011281,-0.097796,0.22077,0.21247,0.45511,0.27333,0.10016,0.19568,0.19105,0.19167,0.20534,0.19236,0.46455,0.21507
0.16296,0.21774,0.17273,0.24237,0.11899,0.21129,0.14723,0.18839,0.077913,-0.029452,0.26193,0.13548,0.18857,0.42824,0.31903,0.30037,0.39083,0.18573,0.33524,0.24751,1,0.18784,0.32861,0.28454,0.26038,0.21837,0.25872,0.13419,0.21696,0.33488,0.13749,0.19806,0.12387,0.13123,0.22119,0.22639,0.22865,0.45479,0.32693,0.31775,0.090581,-0.028366,0.25967,0.1034,0.20796,0.22226,0.29472,0.33552,0.14146,0.31611,0.032794,0.26231,0.36489,0.26832,0.18868,0.20933,0.22384,0.28557,0.20805,0.22415,0.45019,0.28146,0.047582,0.18653,0.30333,0.247,0.10512,0.26613,0.20925,0.26255,0.08257,0.19659,0.20384,0.31249,0.27729,0.32201,0.042307,0.064526,0.22965,0.35834,0.25495,0.12564,0.27988,0.22116,0.31964,0.34561,0.0076876,0.088628,0.34001,0.29162,0.14798,0.21015,0.13833,0.28415,0.32164,0.28195,0.34136,0.29243,0.092994,0.12377,0.10002,0.18405,0.1043,0.16453,0.076274,0.11031,0.12322,0.12171,-0.080312,0.032625,0.22863,0.18444,0.14822,0.34176,0.21369,0.24721,0.31952,0.03041,0.27203,0.17025,0.24307,-0.0031096,0.31359,0.22053,0.069249,0.16817,0.15215,0.15684,0.13928,0.2537,0.11136,0.19513,0.08695,0.1008,0.18536,0.27166,0.16661,0.26773,0.30945,0.21925,-0.018207,-0.069159,0.25098,0.15155,0.17462,0.15832,0.2164,0.2612,0.14951,0.16043,0.015478,0.23084,0.34388,0.1991,0.19262,0.2876,0.25207,0.28103,0.11907,0.14454,0.30213,0.22879,-0.063791,-0.036123,0.27689,0.21644,0.1922,0.24083,0.17659,0.29288,-0.046318,0.12465,0.30867,0.23596,0.23508,0.29225,0.066466,0.0091348,0.18611,0.27159,0.20027,-0.021724,0.23915,0.2131,0.30077,0.29037,-0.062112,-0.053926,0.29116,0.24798,0.094137,0.085689,0.14656,0.25062,0.29835,0.26936,0.28085,0.2869,0.042337,0.013102
0.14657,0.21833,0.18583,0.34927,0.20757,0.25597,0.22664,0.24291,0.20268,0.027795,0.24208,0.20638,0.17941,0.34768,0.36843,0.23683,0.37027,0.09688,0.32224,0.3331,0.18784,1,0.2092,0.40893,0.29809,0.19371,0.21633,0.11993,0.38477,0.39773,0.081024,0.14248,0.31262,0.24886,0.18329,0.13699,0.2485,0.39985,0.25545,0.24763,0.089693,0.02505,0.22585,0.18534,0.34068,0.38166,0.27473,0.28749,0.20274,0.32755,0.1192,0.21309,0.29757,0.28271,0.31889,0.31497,0.17422,0.19185,0.20768,0.28063,0.27463,0.17711,0.16497,0.31341,0.25703,0.22549,0.16798,0.18604,0.10629,0.17302,0.19758,0.26237,0.17636,0.24573,0.23414,0.28229,0.032423,0.13505,0.31208,0.33575,0.2625,0.11633,0.26586,0.21192,0.31222,0.31404,0.035615,0.24242,0.28069,0.23569,0.32543,0.28974,0.11964,0.21217,0.21108,0.15076,0.24726,0.22019,0.20495,0.11326,0.073473,0.20656,0.032358,0.26632,0.101,0.29323,0.21717,0.17562,0.038575,0.02489,0.27778,0.3183,0.13211,0.36852,0.32959,0.18285,0.34823,0.082078,0.32828,0.29427,0.26839,-0.0070418,0.19989,0.38796,0.25064,0.17923,0.15409,0.063396,0.31072,0.38201,0.067083,0.23787,0.30503,0.14681,0.092264,0.19628,0.22276,0.36086,0.27168,0.14026,0.055593,-0.051118,0.24023,0.21642,0.26115,0.3481,0.25269,0.2417,0.23747,0.23902,0.10236,0.22011,0.33512,0.21362,0.31329,0.3283,0.15607,0.19324,0.16328,0.28372,0.1531,0.069825,0.082696,0.09913,0.26121,0.17662,0.21963,0.22793,0.05701,0.175,0.16254,0.21193,0.26482,0.18915,0.20604,0.23805,0.073375,-0.016224,0.28936,0.36521,0.19291,0.00292,0.29035,0.21348,0.27432,0.31275,-0.042265,-0.077364,0.26194,0.23815,0.2984,0.1745,0.11891,0.19591,0.16188,0.13793,0.18317,0.2348,0.21383,0.045727
0.40144,0.32766,0.27276,0.43002,0.36987,0.15837,0.14023,0.23248,0.24533,0.046294,0.6143,0.11365,0.27235,0.45997,0.47862,0.69378,0.44866,0.19154,0.41001,0.27557,0.32861,0.2092,1,0.2773,0.25165,0.43417,0.5613,0.48867,0.28195,0.29598,0.38958,0.38435,0.33023,0.33203,0.52876,0.63305,0.39231,0.42109,0.73287,0.59682,0.071587,0.017783,0.42414,0.16475,0.53441,0.32989,0.5491,0.54659,0.22651,0.39886,-0.1522,0.41378,0.47527,0.56065,0.2325,0.24424,0.55982,0.59785,0.23088,0.32906,0.59805,0.69644,0.20752,0.34149,0.60804,0.50988,0.35661,0.74003,0.54269,0.59202,0.13072,0.2651,0.59483,0.65027,0.46457,0.58325,0.22338,0.23492,0.39999,0.38836,0.59007,0.32563,0.47811,0.31423,0.60216,0.56272,0.074392,0.039838,0.60749,0.57391,0.32742,0.52374,0.46345,0.7003,0.77104,0.74566,0.54846,0.57445,0.19037,0.11283,0.31999,0.29768,0.19841,0.41661,0.33171,0.14356,0.20693,0.14887,0.02356,0.074761,0.56971,0.24938,0.26455,0.45114,0.4044,0.6979,0.43986,0.11863,0.39917,0.26841,0.1299,-0.011443,0.81157,0.28907,0.18737,0.51108,0.44887,0.37836,0.29721,0.29601,0.48718,0.51787,0.31275,0.36412,0.40044,0.64654,0.32868,0.27568,0.70717,0.52566,0.048145,0.012375,0.41614,0.28852,0.47101,0.33961,0.46914,0.52468,0.33857,0.36695,-0.18545,0.36868,0.53251,0.49341,0.23955,0.32103,0.45468,0.55801,0.193,0.36253,0.65039,0.6593,0.11631,0.1701,0.58052,0.46904,0.48987,0.70545,0.40573,0.61822,0.079171,0.25856,0.6654,0.57584,0.38402,0.57261,0.172,0.10032,0.35007,0.31581,0.36874,0.23321,0.38391,0.3394,0.51815,0.42769,0.035858,-0.020327,0.48248,0.53652,0.29164,0.3324,0.44067,0.62505,0.58712,0.68731,0.47929,0.56173,0.16741,0.080243
0.21673,0.13672,0.29274,0.54854,0.30471,0.58607,0.30902,0.16061,0.31563,0.034666,0.3065,0.23975,0.32386,0.53865,0.62734,0.20519,0.57969,0.18031,0.49091,0.38221,0.28454,0.40893,0.2773,1,0.66122,0.20845,0.25772,0.16396,0.74794,0.84797,0.013444,0.19015,0.49284,0.48929,0.18053,0.16997,0.2038,0.70179,0.33631,0.39763,0.15308,0.04082,0.18355,0.066003,0.46283,0.69002,0.34946,0.39772,0.18294,0.37136,0.030678,0.17538,0.44351,0.27007,0.71539,0.8014,0.31108,0.30852,0.39057,0.36047,0.53753,0.2412,0.23452,0.53933,0.35145,0.31369,0.19655,0.18637,0.24085,0.24137,0.46812,0.66064,0.23517,0.2449,0.23745,0.34435,0.033054,0.13311,0.50633,0.6144,0.28956,0.13213,0.23892,0.21474,0.39389,0.45069,0.071915,0.22052,0.38867,0.27215,0.6254,0.46607,0.1395,0.30466,0.40335,0.31437,0.31166,0.28479,0.20883,0.29055,0.090783,0.15647,0.11375,0.38532,0.14294,0.56517,0.19444,0.10576,0.11514,0.030171,0.35516,0.39294,0.21909,0.52099,0.47296,0.15942,0.41214,0.12713,0.42588,0.31023,0.48005,-0.04733,0.31073,0.7005,0.47858,0.12409,0.13432,0.087381,0.47948,0.59735,0.0062984,0.22443,0.3934,0.31217,0.11427,0.27175,0.17432,0.67922,0.35224,0.23381,0.11462,-0.089295,0.22167,0.10694,0.32305,0.57409,0.29498,0.28816,0.22609,0.24256,-0.037263,0.14166,0.38905,0.11896,0.63855,0.59963,0.28208,0.31323,0.26977,0.2486,0.24121,0.15526,0.089052,0.19586,0.33196,0.28568,0.089301,0.13221,0.12011,0.25128,0.35541,0.5559,0.30505,0.13661,0.20971,0.2919,0.063506,0.016297,0.43285,0.66153,0.18132,-0.031357,0.244,0.24013,0.32309,0.36546,0.035,-0.048355,0.29727,0.31482,0.50905,0.28012,0.15361,0.25724,0.36125,0.31047,0.188,0.3184,0.23978,0.092658
