1,0.24093,0.13393,0.26049,0.17888,0.32121,0.53018,0.10712,0.19809,0.20645,0.37322,0.35708,0.24949,0.31685,0.59167,0.33153,0.28556,0.19682,0.23319,0.28022,0.071172,0.07501,0.43701,0.24726,0.28921,0.25969,0.3308,0.33469,0.25124,0.21599,0.41777,0.37943,0.27265,0.25028,0.28377,0.45448,0.28406,0.23943,0.52975,0.68179,0.19826,0.35907,0.41623,0.29775,0.40463,0.26761,0.36732,0.43847,0.19972,0.22988,0.18624,0.33202,0.33918,0.31284,0.41331,0.36283,0.35458,0.38923,0.56636,0.34519,0.34111,0.46217,0.39836,0.40917,0.32942,0.3183,0.61674,0.37893,0.3173,0.33388,0.40923,0.17564,0.33974,0.25586,0.33012,0.34834,0.41491,0.30219,0.2543,0.28203,0.35187,0.56937,0.23404,0.21572,0.30186,0.28305,0.085773,0.055343,0.32996,0.35076,0.43718,0.54854,0.32516,0.35787,0.41681,0.37988,0.3276,0.36289,0.30024,0.21241,0.66753,0.22413,0.12917,0.2387,0.18651,0.22862,0.35983,0.079668,0.15159,0.14618,0.34499,0.2645,0.2045,0.28763,0.45855,0.30979,0.24631,0.16633,0.23188,0.18996,0.076219,0.068916,0.41103,0.16762,0.22519,0.23494,0.31732,0.33985,0.17805,0.11247,0.34509,0.30405,0.2615,0.27025,0.28292,0.40211,0.15803,0.20411,0.46129,0.58221,0.15833,0.29716,0.4316,0.34776,0.31817,0.23209,0.35534,0.43759,0.16115,0.17152,0.19708,0.33465,0.33595,0.31939,0.32615,0.22521,0.37282,0.38384,0.36449,0.24468,0.32697,0.41762,0.33614,0.34105,0.33244,0.31362,0.31367,0.3335,0.29799,0.33432,0.30767,0.145,0.3455,0.25441,0.32797,0.35392,0.35709,0.2522,0.24115,0.2523,0.29659,0.49157,0.21201,0.2262,0.30006,0.26744,0.086463,0.036398,0.3304,0.34529,0.33456,0.46655,0.32338,0.35438,0.41228,0.36861,0.31708,0.35979,0.23299,0.20067
0.24093,1,0.099848,0.26127,0.16354,0.06452,0.28839,0.21563,0.02873,0.055462,0.37118,0.26947,0.1716,0.26346,0.26562,0.43983,0.33044,0.11391,0.31579,0.3963,0.20534,0.10693,0.39326,0.15039,0.14827,0.38598,0.38001,0.2531,0.25757,0.20497,0.35751,0.46076,0.24278,0.23202,0.31307,0.3607,0.4512,0.36582,0.36164,0.28189,0.12425,0.10033,0.27015,0.24838,0.39144,0.29386,0.27405,0.28401,0.35703,0.37811,0.21642,0.26769,0.34168,0.36324,0.19294,0.18368,0.24562,0.29082,0.25402,0.39945,0.31782,0.31258,0.027787,0.056717,0.34282,0.27647,0.37045,0.46022,0.22914,0.29804,0.042501,0.11701,0.349,0.39209,0.28721,0.36378,0.22529,0.15247,0.26262,0.25518,0.34675,0.15667,0.39421,0.265,0.36391,0.32364,0.023642,0.033082,0.32964,0.29777,0.067728,0.2406,0.28478,0.31816,0.30168,0.26189,0.33129,0.34655,0.17337,0.091723,0.29243,0.44138,0.092586,0.26066,0.15941,0.029824,0.34588,0.19548,-0.00065272,0.037423,0.3634,0.23633,0.1495,0.26542,0.26572,0.43088,0.32222,0.098911,0.30294,0.34962,0.14363,0.10892,0.38591,0.15631,0.14623,0.39766,0.36832,0.24254,0.20148,0.20191,0.38734,0.44238,0.25537,0.25686,0.28037,0.34703,0.41463,0.28344,0.38075,0.29564,0.090673,0.13103,0.27357,0.274,0.38833,0.29517,0.25685,0.28182,0.32112,0.36325,0.21827,0.26297,0.33253,0.359,0.18988,0.20425,0.23847,0.26649,0.29571,0.38487,0.31485,0.33838,0.030931,0.064441,0.34152,0.26324,0.43782,0.44688,0.2135,0.28861,0.060642,0.070245,0.34892,0.37661,0.27865,0.35283,0.20602,0.13411,0.26136,0.24196,0.32783,0.17933,0.38825,0.275,0.36213,0.32372,0.016622,0.024013,0.32808,0.29113,0.15493,0.23112,0.27263,0.32335,0.28861,0.25573,0.32965,0.34367,0.13374,0.061086
0.13393,0.099848,1,0.14346,0.16266,0.12117,0.12098,0.095176,0.077042,0.15027,0.12919,0.12773,0.19784,0.16988,0.16301,0.11126,0.12108,0.13921,0.12595,0.10766,0.067957,0.061436,0.14424,0.11516,0.12457,0.10007,0.11925,0.12127,0.092646,0.093539,0.10053,0.10527,0.13138,0.15814,0.11024,0.13003,0.081501,0.11717,0.13809,0.1449,0.088998,0.10489,0.12712,0.10949,0.14255,0.12703,0.14022,0.14638,0.080674,0.11582,0.081316,0.11343,0.13771,0.11961,0.12834,0.14775,0.12734,0.13798,0.12891,0.078842,0.14195,0.12737,0.12329,0.14546,0.12483,0.11082,0.10091,0.12222,0.11314,0.12315,0.11778,0.12189,0.12755,0.10863,0.10694,0.10729,0.11561,0.1124,0.16312,0.15476,0.12324,0.13693,0.094502,0.11484,0.10186,0.11085,0.066025,0.039422,0.12273,0.11243,0.1227,0.17609,0.11744,0.12223,0.1449,0.13084,0.10055,0.11284,0.11041,0.13908,0.12457,0.099965,0.093821,0.1358,0.12768,0.096541,0.094083,0.077079,0.075656,0.072135,0.12379,0.099196,0.13673,0.15192,0.13632,0.10444,0.10139,0.1297,0.11401,0.079003,0.053058,0.034482,0.13751,0.088799,0.099046,0.08778,0.11027,0.11921,0.058148,0.053405,0.095407,0.096793,0.12901,0.15395,0.10599,0.12498,0.052395,0.092329,0.135,0.13415,0.073722,0.09116,0.12825,0.11885,0.12725,0.11,0.13617,0.14562,0.070992,0.092642,0.078609,0.11024,0.12942,0.11711,0.10447,0.1184,0.12936,0.13359,0.10727,0.052841,0.12549,0.11843,0.10181,0.13533,0.11604,0.10725,0.072144,0.11473,0.10657,0.11575,0.096878,0.1063,0.12323,0.098567,0.10939,0.10774,0.095816,0.09724,0.15004,0.14132,0.10421,0.12435,0.080816,0.097762,0.10374,0.10576,0.06412,0.023606,0.11756,0.1089,0.10407,0.16703,0.11606,0.11734,0.14092,0.12833,0.098099,0.11384,0.11125,0.11496
0.26049,0.26127,0.14346,1,0.34432,0.17962,0.16143,0.33882,0.24991,0.13699,0.34265,0.26847,0.22339,0.2375,0.35817,0.16627,0.18246,0.41118,0.24022,0.36826,0.124,0.1005,0.29981,0.42747,0.38616,0.16833,0.28147,0.24973,0.38604,0.24625,0.19334,0.245,0.68115,0.59867,0.17824,0.25077,0.296,0.21494,0.31879,0.30849,0.1205,0.1359,0.2761,0.29015,0.51768,0.57569,0.28218,0.28384,0.35901,0.4254,0.29233,0.27746,0.22583,0.24536,0.31692,0.41736,0.25369,0.27352,0.17149,0.14778,0.14922,0.20331,0.27613,0.41407,0.43297,0.31118,0.25543,0.25236,0.21363,0.24106,0.28994,0.41829,0.29912,0.1834,0.25205,0.33647,0.19091,0.17476,0.48483,0.35543,0.26522,0.27695,0.14924,0.20082,0.36525,0.38511,0.13489,0.074387,0.37563,0.30092,0.45393,0.46257,0.25771,0.27237,0.27304,0.23762,0.32439,0.36811,0.36077,0.43726,0.25456,0.25906,0.14058,0.60437,0.30754,0.17336,0.13171,0.30064,0.25039,0.10831,0.33697,0.24438,0.19764,0.23812,0.3335,0.18123,0.16641,0.40848,0.22038,0.32525,0.10424,0.076664,0.2927,0.34114,0.35995,0.16095,0.26112,0.24311,0.31311,0.17571,0.18971,0.21397,0.63801,0.54023,0.17815,0.24157,0.25001,0.23136,0.321,0.29139,0.14712,0.14136,0.27753,0.31118,0.46174,0.50684,0.28228,0.29036,0.33569,0.37754,0.2935,0.28268,0.21706,0.25706,0.27516,0.35128,0.25675,0.26126,0.14815,0.11522,0.16315,0.2098,0.25939,0.40946,0.37442,0.28719,0.15786,0.24659,0.20635,0.24067,0.26403,0.39259,0.29906,0.17895,0.25388,0.32383,0.18211,0.1771,0.45006,0.35797,0.24115,0.2608,0.14669,0.2072,0.36657,0.38338,0.13489,0.052699,0.36697,0.29425,0.41954,0.45064,0.26038,0.27862,0.27421,0.24331,0.32702,0.3566,0.37798,0.38579
0.17888,0.16354,0.16266,0.34432,1,0.13018,0.11588,0.18959,0.13352,0.12734,0.22536,0.17663,0.33986,0.23568,0.23986,0.13248,0.14243,0.27264,0.23321,0.18866,0.072661,0.064222,0.21932,0.19435,0.25376,0.16709,0.20587,0.19801,0.17317,0.12006,0.13734,0.15969,0.3319,0.43695,0.15378,0.19058,0.15642,0.16008,0.23389,0.21805,0.10476,0.097529,0.20681,0.17553,0.32733,0.31199,0.27503,0.24106,0.12504,0.22202,0.1414,0.19167,0.19697,0.20095,0.1948,0.28523,0.19678,0.20777,0.15372,0.088632,0.17212,0.17574,0.16827,0.25254,0.28667,0.30735,0.1434,0.1841,0.17254,0.18295,0.15845,0.25989,0.21273,0.1432,0.19149,0.21824,0.15761,0.15254,0.4359,0.31326,0.19898,0.21985,0.11139,0.14362,0.23005,0.23751,0.11491,0.054895,0.245,0.23042,0.22105,0.35716,0.18487,0.1947,0.21665,0.19304,0.19488,0.24146,0.19965,0.25962,0.18717,0.16531,0.13004,0.34115,0.3328,0.13362,0.10234,0.17061,0.14624,0.10171,0.217,0.1593,0.25422,0.2143,0.22057,0.13281,0.11908,0.27745,0.20867,0.16046,0.068674,0.055554,0.21133,0.15914,0.23207,0.15226,0.1878,0.19416,0.14039,0.073075,0.13505,0.14479,0.33362,0.4284,0.15353,0.19058,0.13438,0.14934,0.22735,0.21527,0.11741,0.11347,0.20536,0.19658,0.31066,0.27565,0.26955,0.24296,0.12023,0.19408,0.13857,0.18744,0.18683,0.20074,0.18372,0.26716,0.20443,0.20481,0.1481,0.056972,0.16792,0.16924,0.15878,0.28131,0.26371,0.25647,0.10883,0.1735,0.16989,0.1803,0.14649,0.24923,0.21348,0.13662,0.19213,0.21343,0.15007,0.1522,0.40991,0.29897,0.17417,0.2208,0.10082,0.14571,0.23334,0.23209,0.11645,0.039184,0.23968,0.22522,0.22591,0.35627,0.18839,0.19595,0.2146,0.19463,0.19211,0.24083,0.23306,0.23461
0.32121,0.06452,0.12117,0.17962,0.13018,1,0.51594,0.086219,0.23539,0.17468,0.15,0.3606,0.18176,0.31289,0.51199,0.08986,0.28467,0.22707,0.091074,0.29395,0.14914,0.13569,0.12907,0.41449,0.40378,0.043723,0.086065,0.12646,0.24016,0.42873,0.11836,0.17757,0.13375,0.13551,0.062963,0.13588,0.069524,0.27767,0.15014,0.23275,0.22334,0.24658,0.12418,0.1785,0.14362,0.14955,0.14033,0.17599,0.093585,0.15239,0.17949,0.12211,0.15293,0.04394,0.51656,0.45018,0.11088,0.1164,0.46493,0.19536,0.20173,0.1754,0.37888,0.43031,0.09894,0.084768,0.27752,0.075157,0.12376,0.10865,0.57103,0.2746,0.13321,0.069368,0.081344,0.036682,0.15427,0.16764,0.20067,0.24392,0.11745,0.22617,0.081661,0.092995,0.086305,0.15591,0.10899,0.085537,0.14015,0.092004,0.5,0.33662,0.1118,0.10594,0.13873,0.13255,0.069008,0.048079,0.26661,0.34943,0.20348,0.061424,0.092597,0.12282,0.10239,0.48773,0.22813,0.02525,0.17919,0.10521,0.15272,0.2153,0.13299,0.22534,0.32496,0.065592,0.13245,0.16146,0.05843,0.096249,0.12387,0.069749,0.12363,0.23015,0.21425,-0.0082638,0.076495,0.13124,0.097582,0.17058,0.069656,0.08587,0.064025,0.10167,0.075605,0.11148,-0.06081,0.18301,0.14581,0.17805,0.16818,0.14599,0.13679,0.18208,0.069386,0.04503,0.14106,0.16987,0.048445,0.055269,0.18036,0.1356,0.10258,0.052878,0.29081,0.20754,0.13299,0.12489,0.23781,0.058133,0.12841,0.12715,0.24911,0.27343,0.090236,0.082608,0.024877,0.061722,0.11302,0.11205,0.38832,0.18047,0.13313,0.052521,0.094292,0.04408,0.12403,0.12888,0.13967,0.17956,0.10403,0.14632,0.032296,0.080166,0.086403,0.14897,0.094505,0.047631,0.12543,0.0895,0.27573,0.22005,0.1209,0.11705,0.14388,0.13837,0.070353,0.043738,0.19307,0.23413
0.53018,0.28839,0.12098,0.16143,0.11588,0.51594,1,0.079902,0.14447,0.14911,0.29975,0.50491,0.21448,0.35273,0.54906,0.36308,0.4158,0.11335,0.24426,0.39282,0.18675,0.15111,0.31054,0.30356,0.2893,0.2795,0.25627,0.20922,0.27726,0.39231,0.3522,0.44256,0.12998,0.12016,0.23234,0.3351,0.3413,0.44942,0.33589,0.4099,0.22416,0.28652,0.23116,0.2625,0.29227,0.17863,0.25433,0.29585,0.21485,0.25413,0.22905,0.23387,0.32846,0.22202,0.53924,0.3664,0.19118,0.22635,0.70209,0.53376,0.39088,0.37872,0.26431,0.2651,0.23828,0.20828,0.59267,0.33528,0.20571,0.22784,0.42982,0.13022,0.26944,0.28856,0.2265,0.23235,0.29871,0.23721,0.20139,0.28604,0.26715,0.32764,0.35539,0.22357,0.25504,0.27411,0.047957,0.059972,0.26856,0.22908,0.31786,0.35225,0.21132,0.23103,0.2577,0.2376,0.22759,0.22068,0.27049,0.16627,0.41964,0.25459,0.090266,0.12098,0.10266,0.31641,0.53703,0.041836,0.066236,0.083644,0.29341,0.33934,0.15542,0.27944,0.39342,0.305,0.28737,0.046538,0.22137,0.22866,0.14036,0.11815,0.29404,0.17047,0.15042,0.24005,0.24819,0.21196,0.13207,0.19361,0.30193,0.34411,0.092434,0.13005,0.21708,0.29205,0.18371,0.29057,0.31669,0.34046,0.1321,0.2114,0.2426,0.28046,0.22015,0.1218,0.238,0.28032,0.1666,0.16644,0.23361,0.24275,0.27648,0.22807,0.35555,0.19059,0.21439,0.2242,0.47372,0.35353,0.30612,0.33083,0.16944,0.14816,0.23767,0.20086,0.36076,0.30718,0.18684,0.23187,0.29353,0.025782,0.27005,0.25915,0.23008,0.23536,0.24785,0.17681,0.16193,0.22043,0.24398,0.25463,0.28275,0.2089,0.24972,0.2677,0.032688,0.035626,0.2582,0.22491,0.21457,0.25043,0.20861,0.24648,0.25549,0.23199,0.22644,0.21368,0.14824,0.087129
0.10712,0.21563,0.095176,0.33882,0.18959,0.086219,0.079902,1,0.1737,0.10491,0.20511,0.22889,0.10452,0.051236,0.12844,0.060562,0.01926,0.38424,0.038029,0.33755,0.08191,0.085584,0.14373,0.14541,0.26544,0.065831,0.14306,0.11694,0.24953,0.090669,0.10042,0.12667,0.37058,0.30592,0.065265,0.10882,0.22842,0.04688,0.17426,0.16589,0.049858,0.084733,0.11889,0.14092,0.26072,0.2638,0.11665,0.11144,0.20338,0.23401,0.16074,0.11485,0.029984,0.076766,0.11847,0.19385,0.11424,0.1196,0.03321,0.10356,0.018042,0.073063,0.19657,0.28493,0.17441,0.11727,0.12237,0.10491,0.10107,0.11239,0.21407,0.33653,0.16507,0.097264,0.088168,0.11576,0.12134,0.12132,0.22365,0.092907,0.15784,0.15813,0.099039,0.16591,0.15885,0.18399,0.16772,0.061708,0.16084,0.10919,0.26251,0.23211,0.12238,0.12855,0.11925,0.10476,0.12325,0.14221,0.39971,0.34816,0.12251,0.1983,0.08898,0.31319,0.16489,0.076225,0.081653,0.37062,0.16207,0.083591,0.20289,0.20949,0.086315,0.060175,0.13027,0.067042,0.017385,0.34859,0.027388,0.28862,0.046562,0.066608,0.13467,0.10721,0.23861,0.057002,0.12694,0.11208,0.19082,0.057463,0.094853,0.10674,0.33776,0.26377,0.065002,0.099444,0.17754,0.054297,0.16815,0.15473,0.075038,0.091157,0.1183,0.14754,0.22801,0.22138,0.12066,0.1191,0.19728,0.21817,0.1634,0.12314,0.040755,0.083269,0.11002,0.13769,0.11188,0.11068,0.025855,0.076574,0.034975,0.086378,0.19164,0.2723,0.14915,0.10905,0.059107,0.099883,0.096302,0.11115,0.19265,0.29464,0.16438,0.091744,0.091773,0.11127,0.11569,0.12147,0.19267,0.097911,0.14149,0.15049,0.094669,0.15539,0.15409,0.18089,0.12599,0.04707,0.15103,0.1096,0.2282,0.22741,0.12088,0.13081,0.11871,0.10692,0.12782,0.13217,0.37226,0.30498
0.19809,0.02873,0.077042,0.24991,0.13352,0.23539,0.14447,0.1737,1,0.1488,0.10484,0.18798,0.10562,0.076526,0.23268,0.0020679,0.00016804,0.33919,0.0042416,0.1783,-0.0086416,0.03896,0.10217,0.17292,0.26603,0.0014218,0.07236,0.11419,0.22607,0.085126,0.07999,0.068836,0.30443,0.22723,0.044859,0.093689,0.053067,-0.024769,0.10002,0.1851,0.06688,0.14442,0.11069,0.1082,0.18725,0.2002,0.10317,0.11826,0.061369,0.086335,0.093573,0.089508,0.029849,0.057779,0.20595,0.25323,0.11909,0.11822,0.13712,0.024464,0.027381,0.086348,0.33405,0.39587,0.10302,0.07931,0.13659,0.038326,0.10553,0.10257,0.38856,0.3,0.10459,0.011417,0.059046,0.044324,0.10826,0.12269,0.17507,0.090744,0.066969,0.21855,-0.029706,0.065428,0.069524,0.099958,0.12928,0.061072,0.10151,0.074032,0.39495,0.30991,0.1082,0.10756,0.13039,0.11426,0.059344,0.081638,0.35292,0.37419,0.13713,0.032499,0.076957,0.2048,0.11961,0.16753,0.018355,0.1288,0.28756,0.11076,0.10397,0.12662,0.09072,0.054981,0.14497,0.0074546,-0.044058,0.27707,-0.0045389,0.065385,-0.014401,0.018858,0.10207,0.056522,0.18006,-0.020605,0.06601,0.11386,0.10521,-0.031015,0.047978,0.011851,0.23792,0.1873,0.059863,0.075732,-0.043171,-0.031433,0.090496,0.1378,0.078591,0.11612,0.12419,0.1222,0.10923,0.11625,0.11628,0.1289,0.034141,0.036101,0.099088,0.10362,0.041818,0.070172,0.11118,0.098673,0.12603,0.11995,0.017335,-0.049092,0.036353,0.069578,0.2759,0.3056,0.087846,0.079252,-0.049024,0.042002,0.10332,0.10185,0.25923,0.24704,0.10754,0.019952,0.069596,0.045769,0.10583,0.126,0.13122,0.068066,0.052635,0.16575,-0.034495,0.069464,0.069072,0.095293,0.12864,0.04165,0.096006,0.077581,0.21113,0.25578,0.11138,0.1072,0.13252,0.12007,0.059679,0.074031,0.30522,0.30583
0.20645,0.055462,0.15027,0.13699,0.12734,0.17468,0.14911,0.10491,0.1488,1,0.10575,0.1595,0.16729,0.099362,0.19005,0.066083,0.034543,0.18841,0.046881,0.085889,0.0052608,0.049886,0.12658,0.075234,0.14537,0.047279,0.089329,0.10742,0.064917,0.030501,0.098873,0.074063,0.14561,0.1464,0.080386,0.11663,0.03847,0.0082267,0.12203,0.19441,0.087729,0.20045,0.12562,0.099774,0.13779,0.093511,0.12807,0.13886,0.04121,0.066219,0.063269,0.10421,0.070751,0.090479,0.12111,0.14737,0.11812,0.12533,0.14344,0.056371,0.075656,0.11245,0.28924,0.2685,0.10142,0.097886,0.13265,0.078324,0.10203,0.10791,0.24164,0.14625,0.11228,0.070315,0.090823,0.073483,0.17396,0.21683,0.12939,0.0866,0.10056,0.23131,0.041841,0.12366,0.074035,0.082118,0.10002,0.046927,0.094705,0.094917,0.22132,0.23117,0.10269,0.10551,0.13381,0.12393,0.074464,0.092055,0.20542,0.19017,0.17117,0.058098,0.087518,0.1249,0.11794,0.13373,0.076009,0.083753,0.13146,0.12934,0.099243,0.10038,0.1244,0.09127,0.14937,0.062651,0.020328,0.17408,0.045552,0.038609,0.00031489,0.01452,0.12068,0.033728,0.12023,0.03474,0.082564,0.10509,0.027615,-0.021104,0.075592,0.051045,0.1339,0.13774,0.086485,0.10268,-0.017201,0.0017252,0.10666,0.15729,0.085392,0.14618,0.12984,0.11318,0.096668,0.070997,0.13251,0.14508,0.025867,0.041927,0.065564,0.10824,0.080639,0.093272,0.091337,0.074319,0.11933,0.12354,0.076885,0.010278,0.079234,0.10271,0.24067,0.23556,0.09612,0.098931,0.027955,0.076149,0.095428,0.10088,0.1893,0.14205,0.10925,0.064121,0.096577,0.078537,0.14397,0.15639,0.11815,0.078918,0.078339,0.18781,0.026023,0.089716,0.076033,0.078621,0.10171,0.026344,0.093439,0.096627,0.14007,0.21216,0.10052,0.10178,0.13284,0.12251,0.072849,0.090559,0.19386,0.18472
0.37322,0.37118,0.12919,0.34265,0.22536,0.15,0.29975,0.20511,0.10484,0.10575,1,0.29572,0.20497,0.28311,0.34436,0.44978,0.30283,0.1984,0.2918,0.32126,0.15885,0.10307,0.54155,0.21237,0.20695,0.31738,0.43021,0.3693,0.26121,0.22649,0.37943,0.40705,0.32225,0.34094,0.32179,0.4615,0.33266,0.30569,0.63798,0.52409,0.13352,0.13539,0.35907,0.3212,0.43706,0.31986,0.34116,0.36372,0.3042,0.36792,0.26906,0.33365,0.34864,0.37469,0.2594,0.26704,0.37447,0.41152,0.29528,0.33367,0.3523,0.40442,0.14133,0.19943,0.4207,0.34604,0.37793,0.54004,0.34192,0.38648,0.14452,0.17483,0.54658,0.40727,0.33739,0.3972,0.31761,0.20857,0.31053,0.29397,0.56591,0.29076,0.35102,0.27826,0.43072,0.40011,0.067286,0.051616,0.40691,0.36961,0.20491,0.34321,0.39778,0.43832,0.44395,0.41063,0.38222,0.41575,0.21063,0.17487,0.40414,0.36313,0.12229,0.34408,0.22193,0.15678,0.33421,0.19628,0.1078,0.079501,0.60664,0.28019,0.18209,0.29679,0.34877,0.44578,0.32174,0.19442,0.29155,0.33324,0.15107,0.10671,0.51007,0.22929,0.22159,0.33477,0.41373,0.36259,0.24414,0.2279,0.39939,0.41332,0.34238,0.36298,0.30292,0.43229,0.30762,0.3032,0.61108,0.51193,0.11835,0.15125,0.34832,0.34945,0.42309,0.32848,0.32135,0.35823,0.30068,0.35173,0.26581,0.32036,0.35832,0.37637,0.27632,0.27689,0.36654,0.38332,0.32445,0.3295,0.37227,0.42862,0.13363,0.20701,0.40966,0.32841,0.37295,0.49208,0.32175,0.37807,0.16606,0.16691,0.48083,0.38952,0.32464,0.39161,0.2748,0.19321,0.31672,0.2954,0.46955,0.29786,0.3495,0.29347,0.42733,0.39474,0.069524,0.040064,0.39949,0.35807,0.26791,0.33542,0.38363,0.43659,0.4288,0.40055,0.37807,0.41314,0.21004,0.17675
0.35708,0.26947,0.12773,0.26847,0.17663,0.3606,0.50491,0.22889,0.18798,0.1595,0.29572,1,0.19032,0.23326,0.38473,0.24146,0.2489,0.23133,0.17459,0.42484,0.158,0.17501,0.26364,0.24353,0.30073,0.20188,0.2288,0.18915,0.30042,0.27043,0.25954,0.33656,0.27676,0.24365,0.18334,0.26027,0.31299,0.26958,0.29089,0.33691,0.14632,0.21842,0.20529,0.22604,0.31327,0.24693,0.22727,0.24808,0.21485,0.24788,0.20626,0.20032,0.22283,0.17806,0.3885,0.31224,0.1813,0.20556,0.42715,0.38465,0.25259,0.26546,0.27739,0.31484,0.2483,0.19935,0.4072,0.25387,0.18225,0.20068,0.36527,0.23528,0.25296,0.21934,0.18577,0.19841,0.24548,0.21095,0.24066,0.22756,0.23708,0.28415,0.27497,0.2834,0.24944,0.26758,0.086159,0.068733,0.25205,0.20289,0.33276,0.33154,0.18622,0.20618,0.22813,0.20645,0.20243,0.213,0.37228,0.25507,0.32239,0.2513,0.10161,0.23401,0.15241,0.24932,0.37886,0.18269,0.13505,0.091285,0.28512,0.40054,0.14402,0.20112,0.3198,0.2187,0.18706,0.18599,0.15909,0.31504,0.10661,0.10025,0.24974,0.1591,0.23049,0.18214,0.21396,0.18998,0.18626,0.14514,0.23259,0.2808,0.24372,0.2314,0.17571,0.22851,0.19003,0.21385,0.27752,0.29426,0.10861,0.18056,0.21056,0.24195,0.25188,0.1953,0.22063,0.2457,0.18672,0.1918,0.20662,0.20741,0.20126,0.18306,0.30167,0.20024,0.18948,0.19689,0.32195,0.28264,0.21999,0.24953,0.22357,0.24373,0.23553,0.1908,0.24293,0.23362,0.16929,0.20134,0.30075,0.17239,0.24806,0.19808,0.19146,0.19982,0.20883,0.16458,0.2009,0.19335,0.20928,0.24039,0.22252,0.20081,0.24353,0.26289,0.077599,0.044116,0.23976,0.20108,0.27019,0.27992,0.18692,0.21371,0.22329,0.20569,0.20362,0.20421,0.2928,0.20445
0.24949,0.1716,0.19784,0.22339,0.33986,0.18176,0.21448,0.10452,0.10562,0.16729,0.20497,0.19032,1,0.37713,0.31772,0.19609,0.24337,0.19604,0.32124,0.13689,0.10606,0.078477,0.22728,0.17089,0.18429,0.22002,0.20991,0.18889,0.11938,0.12557,0.15376,0.18331,0.21129,0.30013,0.20008,0.21363,0.14907,0.23704,0.23775,0.24245,0.22527,0.19558,0.25664,0.20756,0.28471,0.24219,0.34874,0.32415,0.11141,0.19802,0.13771,0.22195,0.30054,0.24691,0.21943,0.25102,0.19004,0.21326,0.26673,0.13295,0.2733,0.21874,0.16147,0.19699,0.23156,0.25602,0.21007,0.23221,0.16975,0.18769,0.15119,0.16669,0.19986,0.18763,0.22565,0.22084,0.20104,0.18583,0.39531,0.37033,0.20773,0.24961,0.15798,0.15467,0.18881,0.20232,0.096637,0.050493,0.22417,0.22962,0.15478,0.36216,0.17218,0.18521,0.22687,0.19862,0.18338,0.21192,0.1372,0.17786,0.2355,0.17064,0.13667,0.23045,0.2704,0.15024,0.18946,0.088142,0.10905,0.11748,0.19208,0.15314,0.32159,0.31778,0.26692,0.17788,0.19023,0.1878,0.29016,0.098822,0.090654,0.067468,0.21936,0.13221,0.14839,0.19548,0.19427,0.18541,0.079886,0.070086,0.15657,0.17232,0.22279,0.31247,0.19216,0.2118,0.11473,0.17276,0.22867,0.23171,0.14047,0.15817,0.25376,0.22744,0.27192,0.21797,0.32142,0.3129,0.099304,0.16055,0.13371,0.217,0.27393,0.24001,0.18959,0.2281,0.20051,0.2111,0.24254,0.092505,0.24552,0.20031,0.13858,0.21401,0.22498,0.23925,0.18626,0.21599,0.15954,0.18326,0.13307,0.14564,0.1965,0.17309,0.22762,0.21798,0.17639,0.1708,0.36636,0.33077,0.18054,0.23805,0.13863,0.15822,0.19186,0.19514,0.094718,0.03632,0.22101,0.22539,0.15542,0.34843,0.17548,0.18337,0.21702,0.19319,0.17792,0.21325,0.15323,0.1546
0.31685,0.26346,0.16988,0.2375,0.23568,0.31289,0.35273,0.051236,0.076526,0.099362,0.28311,0.23326,0.37713,1,0.56447,0.34342,0.67832,0.12569,0.66542,0.24228,0.25554,0.1263,0.31638,0.43425,0.27426,0.39309,0.28889,0.26424,0.23638,0.39133,0.23279,0.31839,0.16735,0.24875,0.36711,0.32429,0.23611,0.58173,0.32499,0.29388,0.29077,0.13662,0.43956,0.35118,0.32621,0.34905,0.43092,0.50809,0.19888,0.30966,0.25681,0.38205,0.68194,0.4427,0.44376,0.4337,0.2939,0.34433,0.44226,0.2418,0.58742,0.35474,0.084533,0.15481,0.29956,0.2842,0.30078,0.37291,0.23312,0.29043,0.14602,0.15904,0.26675,0.28449,0.40333,0.34511,0.19119,0.14401,0.50562,0.67887,0.28039,0.18695,0.27354,0.17971,0.27892,0.3167,0.054856,0.054298,0.34697,0.32046,0.19528,0.39841,0.25245,0.26811,0.35224,0.27828,0.29752,0.27637,0.04616,0.16371,0.25951,0.25648,0.15041,0.23341,0.22963,0.25394,0.30219,0.033607,0.077285,0.072423,0.26229,0.20685,0.34108,0.69484,0.43723,0.30647,0.56773,0.10355,0.60845,0.19091,0.24745,0.11761,0.30436,0.38984,0.18036,0.34109,0.26863,0.26079,0.17794,0.29116,0.22751,0.30368,0.17749,0.26664,0.34322,0.30881,0.20234,0.46344,0.3172,0.27798,0.18994,0.14058,0.41125,0.37044,0.32215,0.31922,0.39412,0.45012,0.18667,0.24886,0.24944,0.37003,0.58739,0.41265,0.33819,0.4207,0.30192,0.33248,0.40478,0.19297,0.48917,0.28616,0.0531,0.1243,0.3012,0.27494,0.27926,0.34708,0.21997,0.27345,0.12477,0.10371,0.25794,0.26323,0.40325,0.33765,0.16319,0.13784,0.46722,0.60496,0.25306,0.17909,0.24871,0.20019,0.28263,0.30659,0.046879,0.039566,0.33644,0.30809,0.1978,0.34025,0.25731,0.25789,0.32087,0.26944,0.2897,0.28193,0.044099,0.09594
0.59167,0.26562,0.16301,0.35817,0.23986,0.51199,0.54906,0.12844,0.23268,0.19005,0.34436,0.38473,0.31772,0.56447,1,0.34091,0.57269,0.21803,0.40801,0.38215,0.19737,0.13906,0.36516,0.55908,0.43347,0.31826,0.31077,0.26894,0.38185,0.46567,0.28725,0.37446,0.36339,0.309,0.29081,0.34644,0.32558,0.47666,0.39352,0.47752,0.31356,0.30986,0.35396,0.31158,0.48061,0.46101,0.34143,0.40561,0.2656,0.3798,0.26132,0.29173,0.47554,0.34066,0.61193,0.56593,0.28131,0.32343,0.5798,0.35892,0.40907,0.37447,0.38178,0.47938,0.31454,0.28132,0.59707,0.40114,0.24184,0.28234,0.46106,0.27025,0.31034,0.27853,0.28679,0.3092,0.29328,0.24872,0.48522,0.50078,0.31172,0.38681,0.27191,0.21916,0.29076,0.32188,0.093767,0.078458,0.33774,0.29998,0.57849,0.61547,0.26907,0.28855,0.35305,0.30839,0.28277,0.29451,0.28325,0.29467,0.46138,0.25725,0.14676,0.32073,0.22101,0.40491,0.40321,0.095763,0.20122,0.13659,0.32297,0.30843,0.25464,0.46361,0.64719,0.30177,0.42577,0.18707,0.35872,0.26753,0.20095,0.11723,0.34316,0.42174,0.32917,0.27364,0.29069,0.26351,0.29004,0.30797,0.25963,0.31858,0.33607,0.30916,0.26625,0.31091,0.22995,0.40343,0.37556,0.39326,0.24282,0.2647,0.35029,0.33619,0.4037,0.39063,0.32134,0.38445,0.23258,0.29962,0.26312,0.28951,0.39822,0.33209,0.45945,0.41931,0.28969,0.30508,0.44517,0.26846,0.34157,0.32367,0.30266,0.3677,0.30417,0.26733,0.37923,0.35587,0.22065,0.27513,0.379,0.21006,0.30624,0.25686,0.28224,0.30267,0.26534,0.22455,0.42845,0.43686,0.27627,0.32232,0.23881,0.23244,0.28805,0.31132,0.086733,0.054308,0.32428,0.28976,0.48177,0.50203,0.26685,0.29024,0.32707,0.29689,0.27758,0.28914,0.23756,0.2466
0.33153,0.43983,0.11126,0.16627,0.13248,0.08986,0.36308,0.060562,0.0020679,0.066083,0.44978,0.24146,0.19609,0.34342,0.34091,1,0.47287,0.033755,0.38284,0.23312,0.21439,0.09142,0.65603,0.10443,0.056643,0.50701,0.49388,0.36079,0.17305,0.20846,0.52418,0.51923,0.12387,0.16547,0.47438,0.55647,0.40639,0.44801,0.49232,0.39193,0.16412,0.10495,0.3271,0.25229,0.37094,0.2053,0.31569,0.34276,0.28634,0.3527,0.16967,0.29012,0.48933,0.49514,0.19411,0.15905,0.3845,0.46166,0.38852,0.50353,0.57726,0.53181,0.0042815,0.0019076,0.35831,0.31688,0.44535,0.71771,0.3539,0.44933,-0.0068273,0.010134,0.48262,0.59413,0.33094,0.41158,0.29502,0.17786,0.2202,0.26765,0.46651,0.21318,0.49943,0.28623,0.3771,0.2971,0.0066414,0.027733,0.33765,0.34842,-0.0032683,0.25921,0.38992,0.44803,0.53252,0.4854,0.35993,0.39958,0.054676,-0.0063956,0.36592,0.41139,0.09853,0.16998,0.141,0.043117,0.40571,0.068189,-0.016174,0.044781,0.42575,0.21105,0.17176,0.33599,0.30328,0.70551,0.45286,0.017356,0.3718,0.24471,0.15676,0.11083,0.617,0.12565,0.059422,0.52994,0.4844,0.35324,0.13772,0.22439,0.56064,0.54561,0.15351,0.21547,0.42363,0.51677,0.38095,0.31974,0.51725,0.40182,0.089007,0.12722,0.33252,0.2874,0.36533,0.23123,0.29439,0.33663,0.27541,0.33643,0.16838,0.27293,0.48188,0.48132,0.18616,0.19583,0.36174,0.41439,0.39747,0.47094,0.53844,0.54589,-0.017755,0.00044711,0.37021,0.30514,0.55521,0.68186,0.32734,0.42873,0.0051854,-0.022988,0.466,0.5494,0.3159,0.40084,0.24583,0.15463,0.23547,0.23915,0.41693,0.21465,0.48433,0.30385,0.37638,0.29013,0.0041531,0.022006,0.3399,0.33905,0.08914,0.22903,0.36583,0.44095,0.48771,0.4535,0.34757,0.40454,0.022411,-0.02406
0.28556,0.33044,0.12108,0.18246,0.14243,0.28467,0.4158,0.01926,0.00016804,0.034543,0.30283,0.2489,0.24337,0.67832,0.57269,0.47287,1,-0.038905,0.65281,0.33812,0.32627,0.13539,0.34782,0.50544,0.28732,0.51713,0.31575,0.23056,0.32927,0.5341,0.2639,0.4036,0.12756,0.12977,0.41516,0.31735,0.40824,0.7336,0.31858,0.26322,0.27316,0.11852,0.26737,0.25143,0.35504,0.41348,0.28641,0.32536,0.27338,0.38755,0.22116,0.23994,0.72008,0.45083,0.50018,0.4453,0.27632,0.35696,0.46388,0.41351,0.6308,0.36581,0.0020283,0.056383,0.26521,0.2326,0.47235,0.48027,0.20483,0.29358,0.082342,0.083659,0.27216,0.36929,0.27507,0.30262,0.17743,0.10315,0.40322,0.55138,0.30496,0.10214,0.39276,0.19996,0.27299,0.29157,-0.023759,0.037078,0.30363,0.26119,0.21881,0.31791,0.2294,0.2516,0.3799,0.28153,0.2666,0.24364,0.00056096,0.024165,0.26594,0.31548,0.10442,0.17684,0.13667,0.24588,0.42526,0.022998,-0.00020321,0.025765,0.28273,0.23996,0.21887,0.59393,0.50178,0.41204,0.76188,-0.038693,0.58827,0.31931,0.3061,0.13727,0.33251,0.49308,0.24513,0.4605,0.2998,0.22305,0.29774,0.4596,0.27423,0.40965,0.14986,0.16587,0.35717,0.29279,0.40097,0.60983,0.32213,0.26131,0.17554,0.13568,0.25515,0.25902,0.36639,0.40097,0.25416,0.29909,0.2667,0.35118,0.2096,0.22148,0.58252,0.40411,0.42133,0.4782,0.2559,0.31053,0.48473,0.3767,0.50299,0.30688,-0.0023663,0.029411,0.26826,0.21922,0.47749,0.43821,0.18673,0.26693,0.13339,0.046657,0.2611,0.33624,0.26388,0.28788,0.15502,0.096491,0.38422,0.50501,0.28212,0.11645,0.36361,0.21778,0.27221,0.28407,-0.030165,0.029327,0.29176,0.24769,0.31422,0.25665,0.22544,0.24197,0.31242,0.26201,0.25866,0.24882,-0.0096756,0.012495
0.19682,0.11391,0.13921,0.41118,0.27264,0.22707,0.11335,0.38424,0.33919,0.18841,0.1984,0.23133,0.19604,0.12569,0.21803,0.033755,-0.038905,1,0.029007,0.25443,0.028995,0.06609,0.18786,0.19139,0.35722,0.039041,0.14903,0.19381,0.20779,0.05864,0.12966,0.10896,0.43242,0.43667,0.089091,0.16118,0.079855,-0.0043803,0.20005,0.24,0.074364,0.13011,0.1697,0.16601,0.27214,0.27114,0.16134,0.17113,0.11383,0.17791,0.16078,0.14571,0.045666,0.095164,0.18868,0.32459,0.20494,0.19995,0.12354,-0.0011329,0.065958,0.13625,0.33727,0.46754,0.19631,0.14111,0.070846,0.084415,0.18285,0.17978,0.38728,0.47241,0.19374,0.052268,0.10098,0.088497,0.14714,0.17857,0.32073,0.17,0.14793,0.28912,0.0017844,0.12806,0.1414,0.18113,0.24457,0.09442,0.1751,0.12613,0.38728,0.40351,0.18561,0.18772,0.21129,0.18496,0.11265,0.15089,0.45623,0.54831,0.15736,0.11028,0.13292,0.36482,0.24388,0.16115,-0.0050346,0.2892,0.28801,0.14305,0.19862,0.17272,0.17216,0.096576,0.13239,0.039917,-0.079669,0.52504,0.0075906,0.12738,-0.006069,0.044606,0.18345,0.056053,0.23674,0.0017631,0.1331,0.19548,0.091267,-0.06747,0.09627,0.037112,0.36295,0.36663,0.1074,0.14374,-0.018245,-0.037023,0.18504,0.20827,0.10016,0.11096,0.18409,0.184,0.19696,0.16798,0.17702,0.18443,0.084938,0.11911,0.163,0.15534,0.06022,0.11331,0.091559,0.1564,0.21321,0.20177,0.003811,-0.081926,0.072423,0.12457,0.27445,0.41723,0.16765,0.13264,-0.084342,0.083944,0.17517,0.17847,0.24428,0.38243,0.19651,0.062471,0.11057,0.08891,0.14276,0.18177,0.25793,0.13691,0.12283,0.24155,-0.011161,0.13164,0.14265,0.16917,0.21875,0.060931,0.16464,0.1275,0.20615,0.35757,0.18775,0.18633,0.21859,0.19504,0.11263,0.14186,0.42433,0.42072
0.23319,0.31579,0.12595,0.24022,0.23321,0.091074,0.24426,0.038029,0.0042416,0.046881,0.2918,0.17459,0.32124,0.66542,0.40801,0.38284,0.65281,0.029007,1,0.19964,0.23475,0.093845,0.32596,0.30208,0.17594,0.5603,0.35588,0.27932,0.23971,0.30541,0.26047,0.34696,0.20747,0.27576,0.46398,0.35797,0.37141,0.54826,0.32069,0.24954,0.18465,0.082161,0.4561,0.33726,0.44805,0.46592,0.47032,0.48139,0.23421,0.34937,0.23749,0.44452,0.76781,0.64696,0.30417,0.33749,0.30715,0.35875,0.32173,0.27939,0.54964,0.35833,-0.026874,-0.0035704,0.38476,0.38302,0.32086,0.4347,0.24113,0.32681,-0.02522,0.06101,0.2735,0.32054,0.54103,0.51291,0.18094,0.11384,0.60199,0.72152,0.29233,0.12825,0.31433,0.18802,0.3695,0.37577,0.0058575,0.026467,0.4154,0.41305,0.050293,0.35617,0.2757,0.30916,0.35616,0.27704,0.39498,0.39171,-0.0035397,0.029649,0.25328,0.30665,0.11428,0.268,0.25113,0.091505,0.30838,0.043953,0.015291,0.039239,0.27617,0.17324,0.30981,0.61441,0.38205,0.35853,0.60612,0.043197,0.84318,0.21819,0.22077,0.105,0.32313,0.33795,0.17096,0.51804,0.33656,0.27046,0.21328,0.27985,0.27844,0.37069,0.26373,0.34324,0.41869,0.35563,0.38053,0.45334,0.33027,0.26548,0.13367,0.12031,0.4314,0.37529,0.47326,0.48097,0.43453,0.45126,0.23691,0.3265,0.22851,0.42999,0.68456,0.5872,0.28769,0.44032,0.30325,0.33902,0.38458,0.27042,0.50639,0.31339,-0.014016,0.031212,0.39517,0.37267,0.41661,0.41941,0.22854,0.30201,0.015506,0.050076,0.26986,0.30849,0.52524,0.49157,0.1646,0.11399,0.59953,0.67282,0.27136,0.15627,0.30809,0.20961,0.37821,0.37348,0.0028068,0.023803,0.41972,0.40415,0.17155,0.34737,0.27709,0.29263,0.31793,0.26843,0.38616,0.40214,0.0087929,0.022155
0.28022,0.3963,0.10766,0.36826,0.18866,0.29395,0.39282,0.33755,0.1783,0.085889,0.32126,0.42484,0.13689,0.24228,0.38215,0.23312,0.33812,0.25443,0.19964,1,0.21,0.13994,0.25535,0.41212,0.47768,0.26361,0.23755,0.18386,0.49094,0.43832,0.26448,0.42439,0.38732,0.28958,0.1798,0.23786,0.48635,0.39619,0.28656,0.28932,0.13974,0.16171,0.17809,0.23442,0.37327,0.42218,0.19428,0.20948,0.32345,0.36836,0.25756,0.18021,0.23003,0.16835,0.45619,0.45301,0.16657,0.19482,0.33058,0.40826,0.24098,0.2434,0.21828,0.32198,0.26473,0.18572,0.37918,0.23485,0.17137,0.20127,0.36417,0.37927,0.25837,0.21504,0.1563,0.20796,0.18307,0.14066,0.28835,0.25873,0.24634,0.1954,0.27661,0.22158,0.27879,0.30709,0.062322,0.064404,0.27688,0.19534,0.42146,0.30522,0.18659,0.20344,0.21473,0.19552,0.22014,0.22356,0.40666,0.33328,0.25748,0.32691,0.094776,0.32009,0.1607,0.20528,0.29725,0.27203,0.12093,0.054694,0.32003,0.34642,0.11059,0.21433,0.31561,0.22007,0.25577,0.20524,0.16984,0.51225,0.15687,0.098644,0.24734,0.30264,0.36861,0.22167,0.22022,0.17741,0.34269,0.27427,0.23389,0.32952,0.33281,0.25756,0.16158,0.207,0.37334,0.33018,0.2847,0.26274,0.11936,0.14354,0.18798,0.24765,0.31784,0.33364,0.18708,0.2108,0.29268,0.3123,0.26179,0.192,0.18271,0.17143,0.32281,0.32643,0.1755,0.18396,0.24337,0.30861,0.19333,0.22781,0.18034,0.23574,0.24344,0.17354,0.22908,0.21795,0.15777,0.19951,0.29842,0.27178,0.25841,0.1997,0.15954,0.19964,0.16634,0.1185,0.23705,0.23506,0.23354,0.1748,0.25067,0.20556,0.27307,0.30494,0.051916,0.038784,0.26035,0.19098,0.36227,0.24795,0.18873,0.21899,0.21151,0.19989,0.22392,0.21133,0.3167,0.24837
0.071172,0.20534,0.067957,0.124,0.072661,0.14914,0.18675,0.08191,-0.0086416,0.0052608,0.15885,0.158,0.10606,0.25554,0.19737,0.21439,0.32627,0.028995,0.23475,0.21,1,0.14355,0.14633,0.2367,0.10999,0.18356,0.14429,0.085489,0.22752,0.30217,0.093573,0.1866,0.095375,0.079817,0.13172,0.12473,0.25394,0.38935,0.1547,0.089657,0.11957,0.036358,0.11719,0.14319,0.1646,0.1931,0.12805,0.13401,0.19374,0.23939,0.16027,0.13223,0.23604,0.1507,0.19476,0.15571,0.073238,0.096577,0.16588,0.2178,0.21592,0.12156,-0.050897,-0.019116,0.13399,0.1112,0.16246,0.20178,0.070628,0.099009,-0.0052861,0.063656,0.12757,0.19388,0.13052,0.17436,0.079184,0.046277,0.1613,0.21765,0.16623,0.011283,0.23595,0.13182,0.15529,0.1737,-0.0065338,0.058942,0.16649,0.13156,0.036081,0.078046,0.092225,0.1021,0.09907,0.093243,0.15446,0.13223,-0.00468,0.051049,0.08908,0.19019,0.048987,0.11291,0.062334,0.089246,0.20073,0.0679,-0.024985,-0.0083577,0.15394,0.12121,0.082999,0.22068,0.17472,0.19146,0.27058,0.0060108,0.20579,0.19269,0.21649,0.09094,0.14262,0.21467,0.068859,0.17604,0.14028,0.077742,0.16954,0.25743,0.11752,0.19227,0.093799,0.080412,0.10613,0.12472,0.24549,0.29029,0.16576,0.10336,0.074558,0.036846,0.11191,0.14153,0.17569,0.18053,0.10762,0.12056,0.19136,0.21841,0.15264,0.12367,0.18436,0.13878,0.14425,0.16659,0.07375,0.085898,0.19324,0.20614,0.16517,0.11916,-0.065614,-0.032548,0.13298,0.10339,0.22318,0.18583,0.060327,0.095055,0.011659,0.012502,0.1212,0.16756,0.12504,0.16387,0.065401,0.031066,0.14234,0.19495,0.15736,0.021378,0.2137,0.12695,0.15273,0.17232,-0.020791,0.018358,0.15803,0.12441,0.091557,0.05982,0.08757,0.10837,0.088311,0.08279,0.15457,0.13009,-0.017732,-0.0002759
0.07501,0.10693,0.061436,0.1005,0.064222,0.13569,0.15111,0.085584,0.03896,0.049886,0.10307,0.17501,0.078477,0.1263,0.13906,0.09142,0.13539,0.06609,0.093845,0.13994,0.14355,1,0.081386,0.13897,0.083929,0.068264,0.078282,0.059516,0.111,0.15734,0.061468,0.10162,0.088437,0.075069,0.059211,0.071798,0.098937,0.15525,0.096332,0.080615,0.07385,0.052887,0.070808,0.090247,0.10336,0.099966,0.076919,0.083283,0.10406,0.12497,0.1015,0.080214,0.10158,0.064371,0.14495,0.10911,0.046992,0.054286,0.1292,0.1154,0.10003,0.07013,0.046658,0.07202,0.080396,0.061494,0.11145,0.089391,0.050403,0.055907,0.077941,0.065649,0.080591,0.090859,0.072142,0.080207,0.069314,0.063044,0.099604,0.1167,0.094578,0.054976,0.11186,0.099749,0.086531,0.10518,0.036867,0.27552,0.096306,0.068979,0.084847,0.086734,0.059814,0.062199,0.056786,0.052504,0.077377,0.068689,0.068304,0.081661,0.074758,0.10095,0.035888,0.087837,0.054014,0.10336,0.13535,0.068085,0.033902,0.0094993,0.10119,0.11838,0.057572,0.11126,0.12806,0.080424,0.10671,0.061124,0.083519,0.11399,0.083029,0.051551,0.076751,0.11662,0.059242,0.063712,0.072281,0.054831,0.081035,0.11715,0.061504,0.096599,0.082809,0.068613,0.051538,0.069132,0.074415,0.13124,0.094757,0.073097,0.052257,0.03972,0.06473,0.089518,0.099429,0.089221,0.071037,0.077428,0.095215,0.098378,0.098191,0.079241,0.083885,0.06328,0.11354,0.092808,0.050649,0.051238,0.12587,0.10339,0.081191,0.068966,0.026528,0.049485,0.076027,0.061336,0.097404,0.082921,0.046581,0.057008,0.070911,0.042666,0.07809,0.078285,0.071827,0.078002,0.052959,0.042551,0.086018,0.10811,0.08628,0.043781,0.099616,0.079448,0.085725,0.10378,0.021008,0.014884,0.090392,0.066352,0.086358,0.075005,0.05847,0.066507,0.053641,0.049614,0.078245,0.065485,0.059365,0.055315
0.43701,0.39326,0.14424,0.29981,0.21932,0.12907,0.31054,0.14373,0.10217,0.12658,0.54155,0.26364,0.22728,0.31638,0.36516,0.65603,0.34782,0.18786,0.32596,0.25535,0.14633,0.081386,1,0.15029,0.16501,0.4086,0.53806,0.48259,0.21292,0.18222,0.53385,0.4757,0.27102,0.32915,0.45901,0.63772,0.32608,0.31258,0.60228,0.52916,0.14326,0.15255,0.4205,0.30068,0.43674,0.26831,0.38699,0.41801,0.28736,0.35256,0.19499,0.36196,0.45084,0.51086,0.21884,0.24124,0.57089,0.63609,0.3291,0.36822,0.5262,0.63644,0.14761,0.1856,0.44529,0.38963,0.39754,0.68928,0.45647,0.53863,0.12762,0.14244,0.61298,0.51751,0.38466,0.45875,0.33836,0.22972,0.28545,0.29098,0.51034,0.32937,0.3976,0.29479,0.43218,0.35825,0.070492,0.045271,0.4114,0.42455,0.162,0.37759,0.50693,0.57695,0.7199,0.69679,0.42347,0.48449,0.17592,0.15641,0.4508,0.37527,0.14301,0.30121,0.22615,0.10414,0.31287,0.13422,0.0918,0.096884,0.51513,0.23388,0.20921,0.32522,0.32843,0.63441,0.36317,0.17349,0.32644,0.24884,0.12142,0.09214,0.76768,0.1502,0.1608,0.42467,0.51736,0.48117,0.17508,0.17139,0.53827,0.47443,0.28984,0.36484,0.44227,0.58618,0.28682,0.25917,0.61149,0.52281,0.11081,0.16661,0.43079,0.35088,0.40858,0.27696,0.37391,0.42271,0.26926,0.32384,0.19273,0.34488,0.47058,0.50584,0.21348,0.2352,0.52715,0.57691,0.31395,0.34314,0.55222,0.63806,0.12712,0.18419,0.4525,0.37919,0.40046,0.6392,0.43273,0.51489,0.11168,0.12542,0.57749,0.51348,0.37234,0.45402,0.2905,0.21044,0.29907,0.27695,0.4455,0.32727,0.39747,0.32347,0.43658,0.34507,0.071174,0.036664,0.41633,0.41612,0.19512,0.36109,0.49053,0.55103,0.67898,0.66911,0.40816,0.48963,0.16245,0.13788
0.24726,0.15039,0.11516,0.42747,0.19435,0.41449,0.30356,0.14541,0.17292,0.075234,0.21237,0.24353,0.17089,0.43425,0.55908,0.10443,0.50544,0.19139,0.30208,0.41212,0.2367,0.13897,0.15029,1,0.45995,0.12187,0.12006,0.13949,0.49357,0.66253,0.096269,0.24881,0.47561,0.30611,0.096915,0.11535,0.19549,0.53937,0.18723,0.20173,0.20436,0.12224,0.098353,0.21827,0.32344,0.59203,0.13787,0.16276,0.28936,0.35889,0.27762,0.11846,0.35956,0.10403,0.67711,0.63654,0.12673,0.14315,0.35819,0.18744,0.26755,0.16749,0.19371,0.35899,0.17874,0.11082,0.24839,0.099795,0.12045,0.12325,0.30333,0.32517,0.16001,0.088519,0.075963,0.12906,0.094581,0.092903,0.39093,0.51202,0.15493,0.14731,0.13238,0.10526,0.17563,0.25754,0.052562,0.070151,0.22285,0.11994,0.5654,0.33544,0.13821,0.12717,0.15405,0.13851,0.13456,0.12961,0.11117,0.3286,0.15051,0.14745,0.10084,0.38679,0.15909,0.37546,0.13834,0.1209,0.2043,0.048784,0.21347,0.2299,0.13223,0.36249,0.46036,0.087025,0.36529,0.18472,0.24609,0.3354,0.24837,0.09599,0.14054,0.72777,0.37414,0.068678,0.099504,0.131,0.41063,0.46082,0.053403,0.17608,0.42665,0.25993,0.075564,0.087519,0.16511,0.53394,0.18496,0.16973,0.18325,0.079033,0.095941,0.19444,0.29365,0.50488,0.12556,0.14282,0.26967,0.29487,0.26377,0.11071,0.20682,0.095148,0.4742,0.5328,0.13169,0.1331,0.24903,0.12284,0.16155,0.10445,0.1441,0.29519,0.15637,0.10007,0.054505,0.077209,0.10683,0.11895,0.28505,0.29881,0.15784,0.070528,0.074014,0.11637,0.080633,0.083971,0.33968,0.48721,0.14654,0.10961,0.10973,0.1083,0.17381,0.25223,0.049563,0.052204,0.19689,0.11045,0.49448,0.27551,0.14266,0.13668,0.14674,0.14213,0.14157,0.12513,0.14125,0.25908
