0,1.6913,1.7104,1.4928,1.7896,0.75925,0.2149,1.416,0.38213,1.2074,0.0024224,0.69238,1.8578,1.7123,1.5815,0.094051,0.72539,1.4006,0.31685,0.8499,1.3666,1.4253,0.38749,0.98886,0.077802,0.020028,0.016985,0.00019201,0.52075,0.32483,0.018422,0.18466,0.15928,0.48358,0.0050718,0.00036242,0.31363,0.23937,0.55381,0.94157,1.8652,1.3647,0.97883,0.85586,0.26351,0.19064,1.7136,1.5707,1.8029,1.0045,0.3256,0.49232,0.052971,0.25733,0.13271,0.045396,0.0059801,0.0084957,0.066428,0.18116,0.0060641,0,1.3331,1.5224,0.078234,0.99117,1.5469,0.99056,0,0.001029,0.18604,0.37812,0.55336,1.0816,0.10038,0.2903,0.49504,0.8488,1.4365,1.0322,0.21067,0.85609,0.74172,1.1862,0,0,1.4328,2.0408,0.12077,0.39563,1.6942,1.8408,0.00020057,0.00014823,0.01534,0.034891,0.16954,0.00075245,0.64962,0.28154,1.53,1.9121,1.6207,1.4044,1.7294,1.0095,0.58096,1.6894,0.2326,0.98351,0.00079016,0.92563,1.8632,1.598,1.4608,0.21651,0.55489,1.3683,0.13271,0.87898,1.6069,1.9044,0.43571,0.59694,0.050822,0.013623,0.013678,0,0.9044,0.71041,0.013694,0.13532,0.035339,0.26091,0.012982,0.00064354,0.52159,0.32396,0.13643,0.40233,1.7234,1.3599,0.75051,0.73738,0.10031,0.060239,1.5353,1.5169,1.8942,1.0589,0.25084,0.38849,0.010615,0.045955,0.25677,0.044856,0,0.00071451,0.068394,0.46287,0.019076,0.00062812,1.2857,1.4661,0.083353,0.79408,1.1548,0.66063,0,0.00055165,0.15409,0.34646,0.57804,1.2092,0.077602,0.10912,0.7305,1.1293,1.1897,0.52687,0.2741,0.47361,0.7372,1.3384,0.0097066,0.0052815,1.3154,1.9783,0.13292,0.29042,1.4193,1.5638,0,0,0.0094449,0.023174,0.096373,0,0.8413,0.33919
1.6913,0,1.3663,1.0271,1.4446,0.61828,0.25239,2.1167,0.6092,1.4156,0.00091955,0.75654,1.6779,1.2128,1.1022,0.12683,0.88511,1.8055,0.42286,1.3263,1.3431,1.1829,0.30904,1.0611,0.11284,0.0072758,0.012441,0,0.81032,0.55515,0.011768,0.28105,0.18003,0.45222,0.0035579,0,0.53063,0.35889,0.30573,0.55807,1.5681,1.1392,0.60688,0.51553,0.42599,0.24662,1.3354,1.0457,1.5887,1.3928,0.12112,0.22985,0.03386,0.29864,0.18216,0.035838,0,0.0059519,0.054366,0.31418,0,0,1.215,1.3093,0.019573,0.75362,1.3951,1.0638,0,0,0.32209,0.57573,0.48814,1.3056,0.056743,0.14802,0.67888,1.1398,0.99237,1.0791,0.22725,0.94802,0.96761,1.2821,0,0,1.5402,1.7078,0.026417,0.19501,1.6344,1.6171,0.0026203,0,0.019755,0.0076845,0.040856,0,1.082,0.50789,1.1961,2.3175,1.2561,1.022,1.28,0.82692,0.67553,2.044,0.44387,1.2762,0,0.80857,1.5728,1.1614,1.0707,0.27305,0.67529,1.7552,0.092505,1.3248,1.5599,1.5495,0.3944,0.5082,0.076622,0.0057135,0.024549,0,1.3596,1.0719,0.0061624,0.2032,0.012169,0.26443,0.01176,0,0.86164,0.51185,0.046526,0.28494,1.4476,1.1083,0.4136,0.4226,0.13124,0.057688,1.1135,1.0465,1.5917,1.4755,0.079108,0.14438,0.018015,0.051798,0.37877,0.04839,0,0,0.12506,0.66229,0.023039,0.001136,1.1195,1.4094,0.029807,0.63526,1.2017,0.644,0,0,0.2909,0.61178,0.4559,1.2782,0.02457,0.023576,1.0319,1.5575,0.85254,0.43882,0.34213,0.47769,0.91738,1.5424,0.0029467,0,1.6056,1.8454,0.035889,0.1159,1.2744,1.2403,0,0,0.0064712,0.0017746,0.023322,0,1.3185,0.59291
1.7104,1.3663,0,1.8964,2.0412,0.87827,0.17591,1.129,0.32506,1.2032,0.0018095,0.67189,1.9359,2.155,1.9776,0.071228,0.48357,1.0855,0.31461,0.57282,1.3036,1.6706,0.4128,0.90208,0.012279,0,0.0081405,0.00023239,0.32514,0.23824,0,0.058238,0.1286,0.39322,0.010248,0,0.1772,0.14452,0.78886,1.1168,1.886,1.5984,1.3947,1.2588,0.14648,0.18076,1.8001,2.0466,1.9685,0.68223,0.55819,0.72709,0.031957,0.16501,0.069093,0.014247,0.010651,0.0053029,0.032054,0.10242,0.011415,0,1.473,1.6833,0.12842,1.1795,1.685,0.71428,0,0,0.054009,0.19099,0.56944,0.86212,0.11277,0.46942,0.42296,0.69075,1.8582,0.88843,0.15736,0.80982,0.5621,1.2403,0,0,1.3444,1.9334,0.26994,0.54436,1.6111,1.6692,0.0021826,0,0.025579,0.082453,0.29303,0.0060025,0.39925,0.1468,1.8504,1.5978,2.1892,1.8714,2.1308,1.2054,0.5137,1.3483,0.23103,1.026,0.0032065,1.0458,2.0363,2.0169,1.8385,0.19933,0.40561,1.0601,0.13877,0.58235,1.6086,2.037,0.4279,0.67025,0.013232,0,0.0039305,0,0.64691,0.57294,0,0.045088,0.033658,0.23923,0.021696,0,0.36,0.24059,0.23089,0.46126,1.8513,1.659,1.0896,1.1162,0.029231,0.075847,1.6299,1.874,1.8735,0.70993,0.46449,0.59694,0,0.012629,0.1566,0.019815,0,0.001548,0.064648,0.28266,0.02074,0,1.579,1.4726,0.1814,1.0631,1.1712,0.59177,0,0,0.058019,0.20912,0.5745,0.99223,0.094192,0.2204,0.6429,0.96163,1.5969,0.52016,0.21442,0.51778,0.58306,1.2801,0.0061646,0.0046226,1.1496,1.7495,0.29612,0.4138,1.3431,1.6398,0.0016885,0,0.016371,0.042522,0.22671,0.011345,0.56235,0.19395
1.4928,1.0271,1.8964,0,1.9016,1.0363,0.23396,0.84711,0.22053,0.93924,0.0023659,0.53965,1.667,2.2368,2.167,0.089159,0.38443,0.82167,0.25984,0.37661,1.2135,1.7062,0.45791,0.8816,0.020945,0.0095075,0.0084413,0.0033491,0.1951,0.18403,0.0088236,0.031536,0.11855,0.34515,0.013359,0.0018227,0.12192,0.16163,1.0138,1.3067,1.7235,1.6265,1.7428,1.5865,0.11561,0.16954,1.8303,2.1773,1.6896,0.50721,0.76999,0.94113,0.036958,0.1578,0.086105,0.046358,0.02779,0.01124,0.052293,0.080632,0.027443,0.0065933,1.4647,1.7,0.23151,1.2416,1.6377,0.66036,0.0014802,0.0028336,0.043207,0.12838,0.51927,0.61425,0.13549,0.59433,0.33301,0.55048,2.1347,0.75372,0.14812,0.761,0.3974,0.97221,0.0038598,0.0077947,1.1936,1.5214,0.37775,0.71445,1.3874,1.4226,0.0052891,0.0023247,0.037342,0.11905,0.44558,0.014373,0.26293,0.091569,1.8363,1.223,1.9087,2.1719,1.9204,1.3785,0.48654,1.0566,0.12091,0.75249,0.0057708,1.1249,1.8135,2.1678,2.0131,0.15775,0.33397,0.79678,0.15794,0.38064,1.4136,1.8105,0.45027,0.70509,0.018281,0.010688,0,0.001504,0.44776,0.43261,0.0050088,0.034798,0.038769,0.24589,0.036776,0.0029539,0.23195,0.20275,0.33544,0.57483,1.7136,1.733,1.3727,1.432,0.037306,0.083665,1.7146,2.092,1.6732,0.51576,0.65403,0.77707,0.010064,0.015593,0.10493,0.047859,0.00092312,0.0063082,0.052017,0.1922,0.010187,0.0053868,1.6423,1.4714,0.26962,1.1245,1.1157,0.50801,0.0023957,0.004393,0.040288,0.14697,0.59651,0.74834,0.14269,0.29359,0.48576,0.72711,1.8626,0.54538,0.17852,0.49279,0.46428,0.97831,0.0099148,0.010177,0.92899,1.4129,0.41772,0.55936,1.2913,1.6638,0.010765,0.0028178,0.030387,0.065742,0.31224,0.027408,0.36624,0.11121
1.7896,1.4446,2.0412,1.9016,0,1.0303,0.21904,1.2133,0.35552,1.1846,0.00020085,0.70212,2.1804,2.4211,2.1445,0.098275,0.53611,1.1493,0.31685,0.59567,1.4842,1.9243,0.43306,0.99683,0.012551,0,0.0087686,0,0.32576,0.24744,0,0.069363,0.11861,0.37371,0.01084,0,0.1856,0.17976,0.76955,1.1148,2.1751,1.7875,1.3288,1.1578,0.15852,0.19089,1.8535,1.9694,1.9185,0.74899,0.4981,0.65842,0.031846,0.17274,0.056307,0.0033679,0.014392,0.0015095,0.035548,0.11666,0.0066022,0,1.6105,1.8674,0.12169,1.1174,1.8381,0.78648,0,0,0.061701,0.20517,0.51903,0.84138,0.087638,0.38377,0.47251,0.73892,1.9766,0.97065,0.19805,0.89146,0.54626,1.0969,0,0,1.4674,1.8616,0.19891,0.48607,1.6926,1.735,0,0,0.024013,0.066339,0.26941,0.0035416,0.43866,0.15912,1.9047,1.6437,2.0272,1.7947,2.4596,1.3113,0.63113,1.4603,0.20249,1.0487,0.0032663,1.1624,2.4225,2.2138,1.9674,0.21803,0.46884,1.1751,0.15442,0.62729,1.8386,2.1333,0.44712,0.7275,0.014065,0.00073097,0.0068442,0,0.68662,0.64403,0,0.040153,0.019962,0.24622,0.019319,0,0.3903,0.25522,0.18736,0.49012,2.0882,1.7745,1.0135,1.0314,0.032846,0.05508,1.6696,1.8366,1.8855,0.78554,0.39043,0.53107,0.0008342,0.019271,0.14535,0.01675,0,0.00060636,0.071002,0.35337,0.019412,0,1.6927,1.6597,0.15903,0.99279,1.2255,0.55104,0,0,0.06175,0.22876,0.57708,0.96601,0.091551,0.1856,0.65175,1.0465,1.6566,0.58515,0.22113,0.49622,0.59544,1.2029,0.0067059,0.0041278,1.2992,1.7999,0.2503,0.35972,1.4978,1.7575,0,0,0.022016,0.027392,0.17969,0.0054084,0.6176,0.21627
0.75925,0.61828,0.87827,1.0363,1.0303,0,0.45823,0.60517,0.35662,0.69298,0.036046,0.64295,1.0212,1.1775,1.2196,0.23302,0.27991,0.6533,0.17482,0.33596,1.0234,1.251,0.52829,0.60694,0.11765,0.083572,0.081912,0.054607,0.29676,0.40504,0.068554,0.11147,0.091908,0.27476,0.066164,0.052607,0.22144,0.27577,0.78239,0.82637,0.99465,1.3141,0.9331,0.84795,0.1732,0.17316,0.81954,0.97134,0.80665,0.33839,0.45474,0.47717,0.085139,0.16288,0.13341,0.11842,0.066072,0.054331,0.17346,0.24614,0.11813,0.059269,1.2925,1.1984,0.15721,0.56926,0.93975,0.42934,0.053792,0.053714,0.11594,0.18208,0.24879,0.36047,0.10299,0.309,0.58155,0.53972,1.1728,0.47984,0.26529,0.83994,0.27337,0.4551,0.04061,0.045751,0.86227,0.73586,0.25716,0.40003,0.79221,0.74595,0.044084,0.05012,0.041821,0.1298,0.24832,0.039034,0.28877,0.14822,0.92881,0.69503,0.93886,0.97587,1.0049,1.5269,0.67597,0.68053,0.28668,0.60875,0.060706,1.0823,1.0829,1.2442,1.2924,0.33055,0.28378,0.66571,0.13882,0.35874,1.0834,1.0324,0.46151,0.54257,0.10132,0.078644,0.063966,0.047074,0.41143,0.52603,0.064945,0.091528,0.059676,0.18298,0.087948,0.057381,0.28994,0.26132,0.28924,0.49517,1.1526,1.3392,0.80608,0.82841,0.097887,0.1186,0.81803,0.93778,0.82395,0.36866,0.39216,0.40862,0.058365,0.075978,0.16207,0.13003,0.05793,0.060475,0.19106,0.30239,0.084113,0.06213,1.4066,1.1437,0.19009,0.63088,0.73754,0.356,0.053106,0.05379,0.11654,0.23602,0.30732,0.36196,0.082373,0.2217,0.49499,0.607,1.2358,0.44269,0.26005,0.66311,0.34083,0.47065,0.03225,0.047381,0.75379,0.76493,0.2899,0.31987,0.78541,0.78362,0.045319,0.045769,0.04826,0.069365,0.18935,0.029527,0.34836,0.16049
0.2149,0.25239,0.17591,0.23396,0.21904,0.45823,0,0.29573,0.83389,0.4062,0.21451,0.63176,0.24992,0.24613,0.24362,1.1769,0.47491,0.33678,0.60311,0.47736,0.33521,0.2498,0.61553,0.3972,1.0328,0.96981,0.64919,0.4393,0.75264,1.0876,0.83376,0.86287,0.46949,0.44774,0.42819,0.51419,0.95332,1.2162,0.15533,0.24406,0.26482,0.24561,0.16739,0.15911,0.79068,0.83642,0.20585,0.19911,0.20469,0.39379,0.091944,0.10119,0.79801,0.76275,0.90137,1.0061,0.30167,0.29963,1.2135,1.1278,0.58664,0.46894,0.29217,0.2475,0.046572,0.1436,0.2696,0.51594,0.57358,0.57049,0.83313,0.76749,0.35313,0.34714,0.16535,0.12841,0.77841,0.52234,0.22308,0.45803,0.70683,0.6208,0.43149,0.25761,0.25895,0.18879,0.30233,0.1879,0.040934,0.064965,0.24079,0.24092,0.37887,0.40462,0.17394,0.12552,0.054978,0.097089,0.5883,0.85353,0.23324,0.22328,0.20965,0.18185,0.17544,0.30009,0.83355,0.27973,0.99543,0.44333,0.30885,0.47453,0.25408,0.25002,0.24627,0.7758,0.63774,0.37448,0.63941,0.43137,0.24866,0.22213,0.47682,0.46471,1.0313,0.85618,0.57217,0.46894,0.44578,0.58668,0.72195,0.90862,0.59337,0.46811,0.41584,0.50677,0.64936,0.9684,0.099619,0.21812,0.24315,0.23415,0.145,0.14829,0.95053,0.87023,0.19984,0.20369,0.19702,0.39023,0.076397,0.06469,0.68118,0.83705,0.76815,1.0456,0.29169,0.28181,1.0755,0.79664,0.53961,0.50791,0.24917,0.26181,0.065551,0.21459,0.28803,0.50951,0.53002,0.53062,0.89751,0.71614,0.2943,0.30472,0.092606,0.12287,0.54955,0.35227,0.214,0.48281,0.7548,0.68434,0.40299,0.21027,0.22178,0.19012,0.34075,0.22516,0.061658,0.063568,0.26996,0.1848,0.38658,0.42438,0.22975,0.10602,0.041857,0.11874,0.4733,0.77281
1.416,2.1167,1.129,0.84711,1.2133,0.60517,0.29573,0,0.66681,1.4332,0,0.77433,1.4268,0.98072,0.90235,0.15296,0.94003,1.9827,0.39602,1.5005,1.3485,1.0458,0.28143,0.99668,0.15463,0.0053321,0.010232,0,0.98614,0.62992,0.0023221,0.33587,0.17827,0.4903,0,0,0.63511,0.43228,0.22356,0.43961,1.3543,1.0018,0.44821,0.3655,0.54397,0.27316,1.0512,0.83073,1.2678,1.5088,0.068226,0.13122,0.045404,0.32863,0.23666,0.046423,0,0.0042114,0.064859,0.38808,0.00022596,0,1.1721,1.1409,0.0086595,0.55792,1.2397,1.0648,0,0,0.42105,0.67178,0.41911,1.3425,0.044243,0.083459,0.7508,1.341,0.82778,1.0571,0.23021,0.9265,1.027,1.1499,0,0,1.4936,1.3936,0.015325,0.10942,1.3725,1.2967,0.00089339,0,0.0082284,0.0026191,0.01955,0,1.2699,0.61753,1.0153,1.887,1.0643,0.84619,1.0768,0.78006,0.77024,2.0635,0.48814,1.2639,0,0.7658,1.2767,0.92476,0.8857,0.29531,0.74397,2.0319,0.067839,1.5833,1.4034,1.2328,0.39937,0.4193,0.093539,0.0014947,0.027985,0,1.5475,1.2584,0,0.26891,0.006824,0.28252,0.0057613,0,1.0269,0.57541,0.029028,0.24499,1.1776,0.95905,0.27815,0.28731,0.1828,0.072682,0.90264,0.83249,1.251,1.5462,0.041758,0.080989,0.011166,0.052841,0.4151,0.044373,0,0,0.16411,0.80581,0.015849,0,1.0048,1.2924,0.015784,0.52125,1.1115,0.68748,0,0,0.36669,0.68541,0.4676,1.2562,0.010203,0.013836,1.1864,1.6232,0.70116,0.37907,0.37393,0.5287,0.9139,1.403,0.002877,0,1.6919,1.526,0.017844,0.075525,1.2124,1.082,0,0,0.0018845,0.00028523,0.015479,0,1.5048,0.72247
0.38213,0.6092,0.32506,0.22053,0.35552,0.35662,0.83389,0.66681,0,0.6381,0.058623,0.63179,0.42162,0.28777,0.27593,0.76912,0.84395,0.66534,0.64608,0.85341,0.51722,0.34711,0.3352,0.50686,1.0925,0.67555,0.35223,0.21634,1.3422,1.3093,0.55328,1.0158,0.50007,0.47641,0.19825,0.24188,1.1976,1.1894,0.10269,0.14642,0.39829,0.30793,0.12797,0.11263,0.9902,0.76495,0.27109,0.22422,0.38787,0.78322,0.031903,0.034649,0.65014,0.88274,0.86651,0.79074,0.12436,0.12408,0.76139,1.0167,0.2885,0.22704,0.40716,0.35444,0.012859,0.13171,0.37051,0.63176,0.3048,0.31632,1.2451,1.0242,0.362,0.55493,0.074712,0.062612,1.0056,0.85722,0.24453,0.62636,0.53205,0.7154,0.67058,0.46718,0.095534,0.062396,0.49688,0.38005,0.0076545,0.04565,0.44077,0.4223,0.17565,0.15715,0.060807,0.032298,0.012901,0.012904,0.99691,1.2576,0.28746,0.53801,0.31246,0.20304,0.29694,0.29506,0.84531,0.59198,1.4476,0.70117,0.1191,0.40096,0.39476,0.27056,0.26157,0.72415,0.87196,0.66756,0.45226,0.89684,0.45876,0.3544,0.48968,0.54241,0.98191,0.57828,0.33077,0.21094,0.9279,1.0465,0.42952,1.0097,0.33972,0.36316,0.19358,0.24299,1.0747,1.0815,0.033183,0.17186,0.36676,0.27725,0.083264,0.098138,0.94265,0.59243,0.22315,0.22068,0.35478,0.71437,0.032861,0.029524,0.47215,0.65489,0.8465,0.81204,0.12221,0.10785,0.81051,0.93144,0.32344,0.25837,0.2871,0.39361,0.018566,0.24239,0.43416,0.75986,0.26545,0.26837,1.2333,1.0548,0.27396,0.5736,0.02613,0.033982,0.94808,0.78751,0.24844,0.38995,0.81187,0.80423,0.72055,0.5133,0.081532,0.054835,0.61968,0.43544,0.016539,0.011749,0.43027,0.34107,0.19109,0.19198,0.09237,0.03423,0.012317,0.023423,0.91243,1.2045
1.2074,1.4156,1.2032,0.93924,1.1846,0.69298,0.4062,1.4332,0.6381,0,0.0080149,0.67463,1.4562,1.1132,1.0224,0.26934,0.86527,1.3146,0.40084,1.0477,1.2173,1.0445,0.35291,0.8093,0.29198,0.12146,0.050798,0.010024,0.81965,0.60695,0.091099,0.37187,0.18785,0.45918,0.029189,0.025384,0.61834,0.50827,0.31905,0.53709,1.3138,1.0221,0.56241,0.49959,0.53969,0.35957,1.0021,0.91935,1.248,1.0415,0.18923,0.25126,0.17405,0.40982,0.35605,0.17157,0.016311,0.013022,0.1585,0.45385,0.042494,0.022879,1.1782,1.1389,0.031305,0.59699,1.1134,1.0557,0.032383,0.033485,0.49027,0.61067,0.411,1.003,0.041655,0.14034,0.73485,1.2467,0.92535,0.78903,0.28108,1.0377,0.87242,1.0674,0.0077272,0.0016135,1.2314,1.3021,0.054419,0.17618,1.2735,1.126,0.019451,0.016273,0.026161,0.02725,0.068129,0.001755,0.96468,0.62449,1.0214,1.4921,1.1377,0.90903,1.1548,0.83187,0.69415,1.4247,0.56401,1.3431,0.0099064,0.79314,1.3392,1.0519,1.0028,0.35828,0.69061,1.3794,0.094974,1.1233,1.2789,1.2605,0.38864,0.45685,0.25353,0.09266,0.06477,0.02346,1.0565,0.95409,0.053179,0.33597,0.065644,0.31499,0.030236,0.023244,0.82344,0.60405,0.073571,0.35442,1.2321,1.0639,0.3953,0.42701,0.27586,0.17973,0.92657,0.91093,1.305,1.0987,0.13366,0.18065,0.075708,0.15003,0.45773,0.17545,0.0054753,0.0077747,0.19926,0.66612,0.042812,0.030853,1.0609,1.1741,0.045554,0.58732,0.98722,0.66609,0.026338,0.026286,0.4764,0.66323,0.43242,0.9889,0.023515,0.057824,1.1226,1.5019,0.81289,0.32017,0.4283,0.65934,0.75352,1.2376,0.0015529,0.00090714,1.3009,1.3189,0.075218,0.12677,1.1083,1.076,0.019709,0.014465,0.0083182,0.0063217,0.059045,0.0032749,1.0954,0.67643
0.0024224,0.00091955,0.0018095,0.0023659,0.00020085,0.036046,0.21451,0,0.058623,0.0080149,0,0.17129,0,0.0021309,0.0023242,0.46455,0.014139,0,0.18477,0,0.0051393,0.00061037,0.41373,0.035596,0.12554,0.50876,0.98474,1.4367,0.011523,0.05501,0.65136,0.075282,0.50062,0.35872,1.3504,1.4574,0.028256,0.079878,0.28915,0.13784,0.00091686,0.003408,0.02051,0.039331,0.03049,0.19672,0.010649,0.0012982,0.0054821,0,0.30757,0.19999,0.42446,0.16822,0.20423,0.37603,1.5193,1.5963,0.49862,0.14919,1.152,1.4169,0.0015705,0,0.89331,0.18384,0.0012143,0.021243,1.2627,1.1734,0.017357,0.031739,0.39905,0.0060765,1.1533,0.60322,0.027998,0.0029178,0.0035199,0.050317,0.4663,0.026939,0.014444,0.0027138,1.8999,1.8885,0.0015051,0,0.69583,0.35131,0,0.011948,1.5178,1.6306,1.4043,1.2517,0.57799,1.6303,0,0.021696,0.0085352,0,0.0058691,0.019845,0.007635,0.016417,0.094154,0.0031898,0.070272,0.026285,1.935,0.10481,0.00020212,0.0019838,0.0030357,0.32448,0.054432,0,0.54032,0.003683,0,0,0.37138,0.17848,0.18463,0.58827,1.1088,1.5451,0.0029412,0.0019654,0.87295,0.16231,0.96632,0.63818,1.3079,1.3967,0.015148,0.082583,0.91053,0.72939,0.0017144,0.0025893,0.061092,0.074107,0.17148,0.5143,0.0283,0.001822,0.0074366,0.0028675,0.39639,0.33545,0.68884,0.46662,0.11228,0.37586,1.7377,1.6522,0.33428,0.07399,1.0877,1.3879,0.001523,0,0.90095,0.23428,0.04154,0.066621,1.3484,1.2472,0.03178,0.027726,0.26286,0.00068228,1.3263,1.0028,0.0096188,0,0.012405,0.26613,0.23,0.11139,0.034998,0,1.9226,1.9655,0.0036104,0.00036823,0.65222,0.51237,0.0017058,0.040345,1.6403,1.663,1.4575,1.3438,0.78712,1.7351,0.00088142,0.0076731
0.69238,0.75654,0.67189,0.53965,0.70212,0.64295,0.63176,0.77433,0.63179,0.67463,0.17129,0,0.77018,0.68652,0.68258,0.55018,0.45883,0.77006,0.38347,0.6571,0.76492,0.77462,0.50257,0.50605,0.53253,0.48448,0.34466,0.22663,0.5971,0.62038,0.41458,0.50832,0.25401,0.40862,0.23667,0.29518,0.56257,0.58245,0.27492,0.39135,0.76258,0.80415,0.41864,0.37748,0.38434,0.41872,0.50994,0.55001,0.65455,0.58629,0.15658,0.20192,0.36031,0.35784,0.51251,0.53358,0.17707,0.16145,0.60716,0.68658,0.31749,0.29225,0.7504,0.75109,0.063198,0.34668,0.63947,0.56316,0.3346,0.32748,0.50199,0.54448,0.4135,0.56315,0.11316,0.14163,0.7579,0.66918,0.63354,0.52596,0.59583,0.69868,0.51907,0.49317,0.16251,0.11739,0.7312,0.62561,0.069355,0.1428,0.6423,0.64414,0.22257,0.23354,0.11064,0.082865,0.06839,0.076385,0.6155,0.50727,0.59982,0.73834,0.60671,0.54294,0.64094,0.66447,0.81338,0.78971,0.66739,0.72102,0.22478,1.0161,0.75893,0.65328,0.67432,0.67268,0.45022,0.79138,0.25894,0.71337,0.81847,0.70259,0.47346,0.33252,0.53044,0.42258,0.30811,0.26122,0.70144,0.67937,0.38313,0.46571,0.2751,0.31002,0.25734,0.28249,0.60535,0.61519,0.13043,0.32731,0.77916,0.77289,0.35377,0.32273,0.4531,0.3369,0.52417,0.5538,0.65552,0.61104,0.113,0.16933,0.32415,0.35547,0.49714,0.51582,0.16172,0.15551,0.56677,0.80608,0.32829,0.29374,0.79635,0.78004,0.092989,0.38233,0.56654,0.41983,0.30041,0.29672,0.49,0.59632,0.39187,0.59244,0.054252,0.080253,0.74878,0.71499,0.57053,0.32354,0.6928,0.53709,0.6129,0.54576,0.1515,0.11522,0.80388,0.6732,0.071264,0.1195,0.54099,0.5251,0.22574,0.22239,0.12714,0.067067,0.057515,0.077208,0.70674,0.50968
1.8578,1.6779,1.9359,1.667,2.1804,1.0212,0.24992,1.4268,0.42162,1.4562,0,0.77018,0,2.0977,1.9559,0.088388,0.60744,1.3645,0.29425,0.71932,1.6279,1.8518,0.41039,1.0033,0.012125,0.00055913,0.0076255,0.00024014,0.44679,0.32522,0.0014708,0.091355,0.12747,0.42931,0.0016623,0,0.23016,0.21121,0.62883,1.0028,2.3251,1.8484,1.0834,0.94559,0.17504,0.20375,1.7052,1.6594,1.8634,0.8673,0.37782,0.52419,0.024012,0.19707,0.086031,0.014419,0.0034978,0.001125,0.042177,0.14151,0.0030122,0,1.7815,2.0021,0.070711,0.95743,1.8196,0.89708,0,0,0.077944,0.25781,0.48076,0.93526,0.07249,0.30093,0.51345,0.92807,1.6758,0.97259,0.19982,1.0463,0.60957,1.1421,0,0,1.7005,1.9594,0.13029,0.38073,1.8249,1.8344,0,0,0.011178,0.030957,0.16617,0,0.55845,0.19986,1.7178,1.8529,1.8383,1.5571,1.9952,1.3197,0.72119,1.6816,0.26451,1.1807,0.0016532,1.1905,2.6082,2.0133,1.8834,0.25546,0.54783,1.4098,0.08866,0.75726,2.0433,2.1664,0.44721,0.64978,0.016239,9.2926e-05,0.0089864,0,0.79871,0.75473,0,0.065623,0.016714,0.26548,0.0082571,0,0.46962,0.30381,0.13369,0.44018,2.2395,1.8355,0.83332,0.83402,0.03664,0.050943,1.5721,1.6458,1.8606,0.93901,0.29056,0.40089,0,0.023636,0.17473,0.027894,0,0,0.083268,0.40622,0.013928,0,1.7785,1.8648,0.099381,0.85508,1.2651,0.61095,0,0,0.066208,0.27078,0.54017,1.0225,0.059203,0.11189,0.84154,1.2717,1.5104,0.53121,0.24379,0.56488,0.63665,1.3009,0.0032401,0,1.5207,1.9396,0.16357,0.28808,1.5567,1.7249,0,0,0.0087568,0.0065856,0.099942,0.0017458,0.75178,0.26544
1.7123,1.2128,2.155,2.2368,2.4211,1.1775,0.24613,0.98072,0.28777,1.1132,0.0021309,0.68652,2.0977,0,2.7652,0.074242,0.44114,0.9807,0.26984,0.4413,1.4885,1.9772,0.48283,1.0484,0.0021368,0,0.0072467,0,0.23384,0.20573,0,0.032087,0.1099,0.38325,0.0080211,0,0.098416,0.16259,0.93299,1.3244,2.2588,2.0076,1.5663,1.3719,0.088074,0.16877,1.9071,2.2413,1.894,0.56535,0.62542,0.79581,0.031454,0.15425,0.061477,0.037311,0.010747,0.0059201,0.049459,0.074526,0.013856,0,1.8567,2.1402,0.14196,1.1709,2.0224,0.69781,0,0,0.017594,0.11528,0.50459,0.68857,0.10926,0.47923,0.42068,0.66676,2.5503,0.88658,0.16648,0.88855,0.42666,1.0288,0,0,1.402,1.7205,0.26277,0.60012,1.7299,1.6698,0,0,0.021641,0.082994,0.32915,0.0020644,0.29041,0.076553,2.0071,1.424,2.1936,2.0124,2.4937,1.5326,0.57445,1.263,0.15176,0.95103,0.0029698,1.3017,2.3562,2.9065,2.5397,0.21915,0.39991,0.98761,0.13989,0.46755,1.8159,2.198,0.50463,0.7899,4.2068e-05,0,0.0036692,0,0.5264,0.52641,0,0.024976,0.024591,0.23922,0.023125,0,0.26955,0.22696,0.26058,0.57275,2.3355,2.1242,1.225,1.233,0.011102,0.062408,1.7947,2.1291,1.9091,0.60047,0.51994,0.644,0.00023062,0.011215,0.11438,0.035512,0,0.001334,0.067241,0.2436,0.022433,0,2.0128,1.8542,0.18701,1.0522,1.3238,0.5617,0,0,0.017754,0.14781,0.61111,0.83001,0.10731,0.23,0.62946,0.90086,2.0418,0.64321,0.19658,0.59092,0.53249,1.0961,0.0078744,0.0057385,1.1748,1.6161,0.3089,0.45627,1.5295,1.9298,0.0009827,0,0.017306,0.03651,0.21342,0.0079484,0.44757,0.11119
1.5815,1.1022,1.9776,2.167,2.1445,1.2196,0.24362,0.90235,0.27593,1.0224,0.0023242,0.68258,1.9559,2.7652,0,0.078044,0.38719,0.91283,0.25701,0.38488,1.47,1.985,0.50493,1.0031,0.0025642,0,0.0060927,0.0027696,0.20584,0.19694,0,0.031552,0.10257,0.37607,0.0097575,0,0.084646,0.16584,1.0158,1.4142,2.0908,2.0385,1.6569,1.4406,0.078553,0.16486,1.7809,2.1265,1.6787,0.50276,0.6687,0.82704,0.030938,0.14897,0.053678,0.030667,0.019087,0.011207,0.050606,0.063452,0.01944,0,1.8735,2.1471,0.16155,1.1313,1.9998,0.66472,0,0,0.011941,0.10183,0.47504,0.62008,0.1038,0.49452,0.42448,0.63659,2.5714,0.82462,0.17059,0.90402,0.38592,0.93603,0,0,1.3241,1.5839,0.30213,0.59726,1.5646,1.51,0.00077706,0,0.026186,0.094836,0.3599,0.0033948,0.25115,0.060268,1.9031,1.2825,1.9911,2.0029,2.1759,1.6145,0.55822,1.1433,0.14508,0.86999,0.0043768,1.2845,2.1719,2.756,2.6189,0.21898,0.34654,0.90817,0.16661,0.41659,1.7215,2.0425,0.4886,0.83476,0.00022505,0,0.0014131,0,0.47125,0.49183,0,0.025794,0.026756,0.23344,0.026786,0,0.2357,0.20407,0.30583,0.58503,2.2677,2.1492,1.302,1.3114,0.012171,0.068552,1.7283,2.0278,1.6744,0.54363,0.56674,0.67427,0.00066695,0.0097011,0.090063,0.043724,0.00066497,0.0014739,0.070517,0.21833,0.029073,0,2.0813,1.8081,0.20193,1.0209,1.3246,0.53576,0,0.0014707,0.0090185,0.11402,0.59454,0.73751,0.11523,0.25673,0.56745,0.80971,2.2094,0.6628,0.18203,0.60285,0.46663,0.97284,0.0058582,0.005179,1.1167,1.4723,0.34556,0.47105,1.4663,1.8097,0.0033903,0,0.021805,0.047213,0.23269,0.0079712,0.39754,0.084807
0.094051,0.12683,0.071228,0.089159,0.098275,0.23302,1.1769,0.15296,0.76912,0.26934,0.46455,0.55018,0.088388,0.074242,0.078044,0,0.46836,0.16857,0.72045,0.31796,0.16167,0.11178,0.69866,0.38681,1.0939,1.3593,0.9813,0.75421,0.53882,0.7766,1.2372,0.87988,0.66448,0.50505,0.73415,0.85717,0.74415,0.94303,0.067476,0.10629,0.094606,0.092168,0.048203,0.039387,0.78208,0.86364,0.075706,0.075217,0.078373,0.27425,0.016889,0.020359,1.0204,0.87188,0.97872,1.2615,0.54536,0.56651,1.5362,1.1038,0.91463,0.79763,0.10515,0.11946,0.051567,0.088467,0.13304,0.3981,0.95041,0.95193,0.76644,0.65622,0.38345,0.22307,0.28716,0.1415,0.63993,0.37299,0.088384,0.38514,0.94538,0.47169,0.3568,0.16719,0.52584,0.41898,0.12149,0.096385,0.031126,0.0414,0.15397,0.10068,0.69273,0.70683,0.35826,0.19584,0.019041,0.24488,0.38789,0.72471,0.089285,0.10638,0.097019,0.057696,0.10216,0.11794,0.62078,0.13737,0.89461,0.33835,0.57714,0.36134,0.086896,0.069015,0.075812,1.0466,0.60675,0.18117,0.85631,0.2757,0.11293,0.083191,0.67111,0.52475,1.1869,1.307,0.9947,0.80808,0.30679,0.42235,1.1179,0.97622,0.9067,0.64572,0.729,0.8576,0.48571,0.78232,0.1637,0.25791,0.084876,0.082723,0.027973,0.034907,1.1052,1.1196,0.092827,0.070842,0.072555,0.26161,0.020217,0.018066,1.0225,1.1512,0.76102,1.2728,0.55022,0.50953,1.2209,0.72902,0.81654,0.82994,0.081197,0.12208,0.068615,0.18992,0.16861,0.5199,0.90208,0.89669,0.83241,0.59121,0.32251,0.15938,0.1894,0.15606,0.43078,0.21297,0.077372,0.57173,0.84614,0.6683,0.34649,0.12071,0.4579,0.40071,0.19579,0.10798,0.03277,0.040902,0.14551,0.1125,0.66528,0.73275,0.42583,0.2266,0.031348,0.2453,0.29167,0.6196
0.72539,0.88511,0.48357,0.38443,0.53611,0.27991,0.47491,0.94003,0.84395,0.86527,0.014139,0.45883,0.60744,0.44114,0.38719,0.46836,0,0.87433,0.88284,1.2895,0.6189,0.40059,0.33407,1.0475,0.93528,0.41593,0.18505,0.061026,1.1681,0.92542,0.29759,0.98941,0.47289,0.58978,0.07684,0.067999,1.2982,1.0349,0.14794,0.19422,0.59631,0.38777,0.18336,0.16085,1.2902,0.75058,0.49578,0.39536,0.53971,1.2326,0.054259,0.08832,0.53958,1.0144,0.75323,0.53073,0.033838,0.042211,0.37933,0.79993,0.14749,0.087556,0.52446,0.52409,0.011799,0.25869,0.64808,1.1376,0.088001,0.11402,1.2032,1.3268,0.50811,1.0103,0.084112,0.10334,0.73881,1.0057,0.36527,0.88333,0.34972,0.6828,1.0933,0.68609,0.020142,0.014132,0.65849,0.63717,0.021528,0.076311,0.86433,0.76309,0.055031,0.048796,0.050507,0.026408,0.032208,0.0065866,1.3561,1.2742,0.40344,0.84609,0.47007,0.32813,0.49099,0.32594,0.73104,0.83636,0.81123,0.7305,0.033208,0.43143,0.55833,0.3998,0.39194,0.41707,1.2199,0.85978,0.40462,1.2179,0.63357,0.59782,0.33899,0.55045,0.78666,0.34168,0.20169,0.063387,1.169,0.99644,0.20236,0.90598,0.21202,0.43221,0.091644,0.07078,1.2727,1.0327,0.045756,0.10207,0.51853,0.37502,0.13247,0.14022,0.86053,0.40764,0.463,0.37686,0.52283,1.1198,0.035515,0.081653,0.30488,0.4682,0.87368,0.51766,0.022918,0.023065,0.47025,0.91306,0.12448,0.098727,0.40841,0.57501,0.0092721,0.26768,0.62547,0.90104,0.075121,0.09843,1.1371,1.2715,0.39784,1.1254,0.037467,0.061946,0.99108,1.0161,0.29059,0.50231,0.58275,0.5323,0.91468,0.83371,0.019532,0.012833,0.75566,0.64146,0.015275,0.041802,0.76318,0.58122,0.054242,0.050826,0.043597,0.012604,0.013853,0.0071336,1.2204,1.279
1.4006,1.8055,1.0855,0.82167,1.1493,0.6533,0.33678,1.9827,0.66534,1.3146,0,0.77006,1.3645,0.9807,0.91283,0.16857,0.87433,0,0.37899,1.4585,1.4617,1.0302,0.29853,0.90825,0.22072,0.035307,0.023102,0.00016229,1.0551,0.68696,0.029108,0.39223,0.22074,0.45961,0,0,0.68963,0.53355,0.21992,0.44326,1.3851,0.9704,0.45572,0.37695,0.57386,0.3533,1.0555,0.84424,1.2639,1.4969,0.096639,0.16935,0.074516,0.33048,0.27344,0.092822,0,0.0042809,0.091881,0.45661,0.0043417,0,1.0521,1.0688,0.018337,0.56483,1.1518,0.99705,6.7497e-05,0.0014097,0.49785,0.6745,0.39844,1.1845,0.047718,0.10568,0.74107,1.2127,0.80923,1.0607,0.20995,0.94876,0.92491,1.0655,0,0,1.4376,1.3324,0.022994,0.14125,1.2841,1.2486,0.00094556,0,0.0060524,0.011394,0.038136,0,1.2572,0.66673,0.98064,1.642,1.001,0.82708,1.0536,0.71892,0.77894,1.731,0.55456,1.1145,0.0010184,0.77508,1.2464,0.93311,0.86888,0.2854,0.68025,2.0382,0.082064,1.4574,1.4541,1.2139,0.33994,0.41341,0.1645,0.022561,0.030807,0.00013813,1.5567,1.2228,0.0068778,0.31823,0.022703,0.26304,0.0070809,0,1.067,0.60815,0.02533,0.21925,1.1943,0.91414,0.29054,0.29959,0.22664,0.10141,0.87525,0.84527,1.2266,1.457,0.067508,0.12369,0.028272,0.072093,0.46222,0.10435,0,0,0.18125,0.79335,0.024005,0.00097414,0.96295,1.1885,0.020398,0.45266,0.99538,0.62864,0.00051744,0,0.44828,0.74467,0.41536,1.1332,0.021163,0.022842,1.1,1.4794,0.68882,0.3992,0.45197,0.49277,0.83395,1.2529,0.0024595,0,1.6015,1.4973,0.032517,0.089853,1.0839,1.0596,0.00039879,0,0.0022487,0,0.022108,0,1.3982,0.75939
0.31685,0.42286,0.31461,0.25984,0.31685,0.17482,0.60311,0.39602,0.64608,0.40084,0.18477,0.38347,0.29425,0.26984,0.25701,0.72045,0.88284,0.37899,0,0.59465,0.2336,0.2813,0.33679,0.69444,1.1213,1.103,0.67572,0.45281,0.63457,0.55972,0.83348,1.0158,0.94611,0.66544,0.47402,0.47851,0.83553,0.89235,0.14758,0.16138,0.31853,0.26296,0.24009,0.2069,1.1411,1.1491,0.27275,0.25882,0.31743,0.62911,0.12483,0.14149,1.1541,1.3797,1.0909,1.0564,0.30615,0.30713,0.84434,0.7359,0.48262,0.44892,0.25102,0.25472,0.079882,0.25962,0.36514,0.70167,0.54279,0.60061,0.95394,0.87883,0.55755,0.57351,0.27533,0.25842,0.5478,0.52623,0.28347,0.72875,0.51282,0.46005,0.75856,0.45861,0.27919,0.25077,0.30027,0.32748,0.090381,0.10224,0.4048,0.40366,0.39682,0.40168,0.22853,0.12798,0.090576,0.16019,0.62001,0.87922,0.22474,0.36919,0.30277,0.2599,0.30216,0.20524,0.4268,0.37848,0.66331,0.46645,0.23323,0.20662,0.28951,0.27916,0.25325,0.49015,0.88633,0.34233,0.9939,0.5526,0.2788,0.32043,0.35981,0.68422,1.0551,0.92649,0.62313,0.45722,0.54091,0.45821,0.75171,1.0436,0.67301,0.62925,0.42147,0.50824,0.68787,0.83674,0.080139,0.21357,0.29136,0.21711,0.17377,0.18071,1.1326,0.88567,0.26273,0.25575,0.3031,0.60361,0.11316,0.13473,0.89309,1.0622,0.95215,1.0145,0.29928,0.28871,0.74434,0.57499,0.49518,0.49868,0.23388,0.24841,0.081809,0.29324,0.32599,0.76517,0.51934,0.55497,0.94864,0.82951,0.44454,0.5255,0.19808,0.1834,0.56335,0.48153,0.21308,0.59423,0.57816,0.49973,0.62902,0.499,0.24376,0.18957,0.32257,0.31215,0.081561,0.12536,0.36818,0.32391,0.40946,0.41203,0.27457,0.14654,0.085059,0.14111,0.56793,0.78571
0.8499,1.3263,0.57282,0.37661,0.59567,0.33596,0.47736,1.5005,0.85341,1.0477,0,0.6571,0.71932,0.4413,0.38488,0.31796,1.2895,1.4585,0.59465,0,0.82948,0.52586,0.26106,0.84218,0.59832,0.17674,0.072499,0.0040513,1.3889,1.0113,0.10516,0.84517,0.32431,0.47246,0.0036106,0.0083569,1.2392,0.89336,0.081663,0.20295,0.68467,0.44989,0.12308,0.090014,1.0947,0.5222,0.5171,0.34694,0.72821,1.6919,0.0075528,0.022282,0.24762,0.61997,0.60105,0.29603,0.0024664,0.010167,0.21749,0.79251,0.056429,0.013905,0.59145,0.57849,0.0030251,0.31819,0.74721,1.1579,0.018837,0.018237,1.0342,1.2979,0.42875,1.3154,0.058111,0.030708,0.9307,1.2553,0.34684,0.89043,0.34328,0.80871,1.1799,0.90154,0,0.001676,0.88421,0.73545,0,0.016305,0.95395,0.81883,0.0089926,0.0037237,0.013762,0.0077918,0.0031644,0,2.0416,1.2769,0.48569,1.0767,0.4987,0.37526,0.52014,0.31601,0.81687,1.2235,0.86857,1.0132,0.011166,0.50262,0.62422,0.40551,0.37916,0.45651,0.89876,1.3634,0.15029,2.0843,0.77993,0.63697,0.37281,0.34571,0.49607,0.13256,0.071989,0.007992,1.6215,1.3021,0.063137,0.71337,0.050648,0.35467,0.0080267,0.0056403,1.5663,1.0525,0.0065986,0.1594,0.58133,0.40638,0.067408,0.055421,0.57815,0.23987,0.44745,0.36224,0.66816,1.6855,0.0020608,0.010167,0.1208,0.2397,0.84222,0.28466,0.0013177,0.0017235,0.36739,1.1187,0.071166,0.015707,0.47578,0.68073,0.0027795,0.30422,0.75107,0.75418,0.006653,0.0099162,0.9642,1.3338,0.40092,1.2066,0.0056339,0.0020427,1.3205,1.3665,0.26095,0.34744,0.65554,0.52754,1.0392,1.1455,0.0018249,0,1.0358,0.84546,0,0.020921,0.89527,0.63923,0.0044418,0.0026918,0.00087259,0,0.00071522,0,1.8033,1.3728
1.3666,1.3431,1.3036,1.2135,1.4842,1.0234,0.33521,1.3485,0.51722,1.2173,0.0051393,0.76492,1.6279,1.4885,1.47,0.16167,0.6189,1.4617,0.2336,0.82948,0,1.6091,0.36111,0.84219,0.090724,0.020564,0.015135,0.0027828,0.63286,0.50125,0.014797,0.19881,0.090238,0.42321,0.0038427,0.0018162,0.37729,0.34687,0.49734,0.73428,1.6387,1.47,0.84946,0.75206,0.27182,0.24177,1.2143,1.2546,1.3775,0.83229,0.30568,0.39649,0.027019,0.2024,0.17159,0.059786,0.0033308,0.0055122,0.088421,0.30931,0.017067,0.0028956,1.4113,1.5713,0.069695,0.67076,1.3253,0.76472,0.0022382,0.0031741,0.22484,0.39676,0.37853,0.77098,0.061113,0.2306,0.68787,0.89621,1.29,0.91319,0.23003,1.0297,0.59648,0.86938,0.0019128,0.0019198,1.4284,1.4291,0.15106,0.3241,1.3076,1.2193,0.0030077,0,0.0028578,0.037658,0.15982,0.0037979,0.721,0.35124,1.376,1.4971,1.3414,1.1342,1.4492,1.2002,0.76922,1.4774,0.37043,0.98973,0.01218,1.0953,1.6081,1.4722,1.4549,0.29853,0.47498,1.5388,0.086889,0.87033,1.8792,1.5816,0.3907,0.52839,0.065909,0.016643,0.018034,0.0030045,0.96077,0.91404,0.0075114,0.15351,0.027046,0.23005,0.015722,0.0023305,0.61695,0.44604,0.1153,0.36503,1.5964,1.4446,0.6649,0.67313,0.098658,0.081253,1.1245,1.2359,1.3547,0.96835,0.2521,0.3079,0.015429,0.060146,0.26605,0.060999,0.0033021,0.0050005,0.11665,0.6026,0.020824,0.003013,1.4662,1.563,0.093757,0.65278,0.9889,0.52552,0.0038092,0.0020277,0.18797,0.4218,0.41513,0.77162,0.047159,0.11388,0.80388,1.1239,1.1994,0.47806,0.31075,0.53932,0.66001,1.0668,0.0088993,0.0050818,1.4832,1.4622,0.16554,0.24356,1.2173,1.2215,0.0065118,0.005166,0.01293,0.010274,0.12133,0.015644,0.85578,0.40501
1.4253,1.1829,1.6706,1.7062,1.9243,1.251,0.2498,1.0458,0.34711,1.0445,0.00061037,0.77462,1.8518,1.9772,1.985,0.11178,0.40059,1.0302,0.2813,0.52586,1.6091,0,0.44856,0.84864,0.019971,0.0011489,0.0087531,0,0.30597,0.26999,0,0.05363,0.10646,0.3954,0.0099158,0,0.17665,0.17068,0.82764,1.095,1.7841,1.8172,1.3124,1.1771,0.14375,0.19219,1.451,1.705,1.5224,0.60668,0.57156,0.69139,0.022543,0.15674,0.082664,0.033298,0.0082471,0.0071755,0.045648,0.13956,0.015022,0,1.5626,1.7757,0.16146,0.94159,1.5979,0.71476,0,0,0.052696,0.19648,0.45299,0.66637,0.11496,0.42513,0.47235,0.69616,1.8084,0.81973,0.25455,0.95639,0.47749,0.88753,0,0.0050543,1.4394,1.5269,0.29239,0.49838,1.3431,1.3462,0.002566,0,0.021659,0.095416,0.32814,0.015501,0.38431,0.12803,1.6413,1.3419,1.6717,1.587,1.7877,1.5328,0.63857,1.2802,0.22308,0.91806,4.057e-05,1.2739,1.9313,1.9693,1.915,0.26142,0.4096,1.0831,0.12733,0.54862,1.8189,1.958,0.47488,0.65607,0.012985,0,0.0046917,0,0.60997,0.57799,0,0.031548,0.012822,0.23923,0.015164,0,0.3506,0.26761,0.24355,0.52676,1.92,1.8916,1.055,1.0929,0.036902,0.06816,1.3783,1.6094,1.6082,0.66813,0.48414,0.5794,0,0.0244,0.13032,0.02903,0.00030743,0.00036494,0.091173,0.37168,0.020634,0,1.8166,1.5836,0.19582,0.86622,1.1213,0.4928,0,0,0.041896,0.22125,0.48145,0.71037,0.10518,0.22855,0.6939,0.88289,1.6651,0.5671,0.24994,0.57433,0.54876,0.98354,0.0084212,0.0071322,1.2416,1.5099,0.33697,0.39935,1.291,1.4437,0.0012824,0,0.011806,0.040137,0.24834,0.0083425,0.5247,0.16495
0.38749,0.30904,0.4128,0.45791,0.43306,0.52829,0.61553,0.28143,0.3352,0.35291,0.41373,0.50257,0.41039,0.48283,0.50493,0.69866,0.33407,0.29853,0.33679,0.26106,0.36111,0.44856,0,0.39467,0.42439,0.59468,0.53756,0.4546,0.24071,0.40275,0.60584,0.39554,0.37353,0.36204,0.43752,0.4918,0.34408,0.38571,0.59751,0.50834,0.42315,0.55866,0.48125,0.45528,0.31028,0.34889,0.37615,0.43074,0.37374,0.23503,0.37412,0.38088,0.47495,0.36369,0.37222,0.52824,0.36553,0.37545,0.66487,0.5329,0.63728,0.48564,0.46462,0.49319,0.23475,0.37463,0.45969,0.46096,0.53434,0.50518,0.31856,0.31101,0.3231,0.23904,0.32049,0.31585,0.36303,0.28299,0.50281,0.37048,0.5449,0.48834,0.28116,0.21527,0.38141,0.32951,0.35362,0.3412,0.29704,0.29897,0.35823,0.33709,0.45117,0.45491,0.30988,0.3498,0.26886,0.24541,0.27732,0.2982,0.46588,0.33079,0.40957,0.4566,0.46547,0.51557,0.36685,0.36521,0.36571,0.41392,0.44035,0.5273,0.44541,0.48577,0.50652,0.64498,0.35519,0.32021,0.53386,0.27954,0.40366,0.36216,0.62723,0.39361,0.45803,0.58403,0.56648,0.49613,0.22036,0.25015,0.58569,0.38929,0.56632,0.40398,0.47287,0.47885,0.23424,0.31083,0.32318,0.41833,0.46484,0.47913,0.47347,0.47834,0.48529,0.52705,0.42671,0.43408,0.3712,0.31205,0.32083,0.31951,0.49493,0.50429,0.34116,0.52795,0.38937,0.39041,0.49734,0.50278,0.46756,0.4949,0.50476,0.46096,0.25114,0.41211,0.43384,0.40281,0.48432,0.48483,0.35421,0.30291,0.33519,0.29239,0.26693,0.35382,0.37082,0.29777,0.5566,0.42493,0.49416,0.46661,0.33274,0.25689,0.39271,0.35777,0.37007,0.34835,0.28854,0.27248,0.34793,0.36503,0.4168,0.43977,0.35503,0.3035,0.25758,0.27097,0.26412,0.2776
0.98886,1.0611,0.90208,0.8816,0.99683,0.60694,0.3972,0.99668,0.50686,0.8093,0.035596,0.50605,1.0033,1.0484,1.0031,0.38681,1.0475,0.90825,0.69444,0.84218,0.84219,0.84864,0.39467,0,0.56416,0.33678,0.18136,0.10858,0.7467,0.53106,0.25467,0.61147,0.3268,0.46628,0.11801,0.10365,0.75841,0.67712,0.3921,0.58094,1.005,0.89081,0.63406,0.54781,0.76277,0.46918,0.87749,0.84452,0.94469,0.95891,0.23903,0.31692,0.35461,0.69865,0.49136,0.38214,0.080479,0.083851,0.29855,0.47385,0.12055,0.099528,0.93572,1.0272,0.055337,0.58234,1.048,0.76568,0.11587,0.1242,0.68752,0.73631,0.41171,0.82996,0.13877,0.25741,0.54015,0.79664,0.98951,1.0864,0.34045,0.7838,0.7281,0.75008,0.043083,0.036862,0.83009,0.95677,0.093628,0.26851,1.2727,1.0385,0.090715,0.075405,0.064932,0.03718,0.1172,0.019547,0.82694,0.70613,0.81095,1.0319,0.91997,0.79778,0.94664,0.7621,0.63604,1.058,0.47786,0.69677,0.045832,0.60496,1.0471,0.98995,0.94606,0.40074,0.87928,0.8907,0.41089,0.88031,0.94157,0.92501,0.38697,1.0632,0.49491,0.2868,0.19541,0.10077,0.8497,0.74701,0.21086,0.59639,0.16405,0.31827,0.11261,0.10128,0.74718,0.65703,0.13507,0.29183,1.0233,0.85889,0.51578,0.507,0.50116,0.31096,0.83729,0.85364,0.91097,0.86537,0.19945,0.25434,0.25341,0.37754,0.55017,0.38119,0.050738,0.045091,0.41901,0.62065,0.18583,0.11082,0.91767,0.98746,0.070596,0.49018,0.9432,0.71309,0.11354,0.11068,0.66471,0.67338,0.36715,0.89343,0.10301,0.13917,0.87281,0.88456,0.85892,0.65283,0.41003,0.59349,0.62231,0.80754,0.032375,0.037138,0.95427,0.96063,0.13932,0.1736,1.0498,0.93338,0.085425,0.080848,0.046185,0.023715,0.093497,0.018105,0.90246,0.69164
0.077802,0.11284,0.012279,0.020945,0.012551,0.11765,1.0328,0.15463,1.0925,0.29198,0.12554,0.53253,0.012125,0.0021368,0.0025642,1.0939,0.93528,0.22072,1.1213,0.59832,0.090724,0.019971,0.42439,0.56416,0,1.459,0.80436,0.43476,0.93002,1.0764,1.1682,1.9133,0.96855,0.68999,0.44735,0.50731,1.43,1.5659,0.032385,0.025712,0.018109,0.0080234,0,0,1.6448,1.3863,0.019675,0.0050079,0.037339,0.50344,0,0,1.4082,1.4874,1.7054,1.7609,0.2602,0.30141,1.2568,1.2591,0.57756,0.47384,0.03869,0.019839,0.0045404,0.036608,0.083373,0.68458,0.59647,0.64595,1.8118,1.4036,0.48381,0.42555,0.16422,0.11515,0.87469,0.62591,0.016538,0.47255,0.72678,0.48498,0.76901,0.21336,0.20523,0.13323,0.062296,0.014222,0,0,0.12102,0.10686,0.38008,0.36308,0.1571,0.052185,0,0.061225,0.73987,1.3582,0.013818,0.064333,0.011464,0.006161,0.017134,0.023579,0.6545,0.10645,1.1591,0.38746,0.19171,0.22293,0.0065251,0.00075115,0.0012761,0.91731,1.1502,0.1804,0.9717,0.54197,0.045569,0.0084484,0.58528,0.6452,2.321,1.282,0.74656,0.46157,0.51429,0.56494,0.93144,1.9575,0.77993,0.65204,0.42533,0.52332,0.92974,1.3743,0.052452,0.15063,0.0033752,0.0040917,0,0,1.7675,1.1497,0.025875,0.0050993,0.026406,0.45479,0.00035968,0,1.0496,1.3222,1.5903,1.6817,0.23962,0.23172,1.2012,0.88696,0.66384,0.5354,0.0087451,0.028917,0.013891,0.15624,0.20734,0.92954,0.55152,0.56618,1.8585,1.3104,0.46435,0.42292,0.099443,0.08032,0.65778,0.3435,0,0.51791,0.946,0.66985,0.80097,0.20021,0.16753,0.11877,0.14553,0.037321,0,0.0092606,0.15736,0.06486,0.37225,0.38402,0.20473,0.078197,0.0020058,0.049068,0.54977,1.188
0.020028,0.0072758,0,0.0095075,0,0.083572,0.96981,0.0053321,0.67555,0.12146,0.50876,0.48448,0.00055913,0,0,1.3593,0.41593,0.035307,1.103,0.17674,0.020564,0.0011489,0.59468,0.33678,1.459,0,1.5349,1.0685,0.41341,0.63203,2.2813,1.1243,1.2568,0.76336,1.0625,1.1658,0.69629,0.96631,0.055116,0.038051,0,0,0,0,0.86785,1.4344,0,0,0.0079193,0.13222,0.003903,0.0042317,1.8785,1.3336,1.5272,2.2841,0.72663,0.73717,1.8126,0.96139,1.2613,1.092,0.009234,0.0012231,0.070138,0.06163,0.015967,0.3532,1.3068,1.3927,0.87854,0.67685,0.52535,0.1368,0.4534,0.24052,0.5298,0.24318,0.0025901,0.31241,0.86718,0.29226,0.355,0.076929,0.68394,0.5539,0.0090332,0,0.00918,0.03046,0.028419,0.039648,0.96423,0.94923,0.48837,0.22693,0.01984,0.33776,0.24128,0.68587,0,0.0022181,0.00056941,0.0022535,0.0068612,0.013014,0.46355,0.016937,0.79056,0.22009,0.64644,0.19528,0,0,0,0.93701,0.71687,0.01283,1.5169,0.14308,0.008194,0,0.66728,0.58538,1.7129,2.5236,1.4016,1.1073,0.14644,0.2571,1.825,1.4156,1.5516,0.96976,0.99262,1.2167,0.39931,0.8695,0.17498,0.24132,0,0,0,0.0030246,1.5729,1.6553,0.029028,0,0.0082441,0.13716,0.0043837,0.016738,1.8006,1.9591,1.0976,2.2539,0.7324,0.67723,1.4279,0.55054,1.2324,1.1923,0,0.0060095,0.090838,0.16409,0.12893,0.66124,1.268,1.2677,0.96078,0.64586,0.48577,0.13842,0.32153,0.2691,0.29105,0.10437,0,0.57192,0.82627,0.5104,0.45048,0.042919,0.58163,0.51971,0.031491,0.0088849,0.015374,0.050938,0.060326,0.044752,0.90581,0.96321,0.60547,0.32189,0.039324,0.31732,0.14692,0.58534
