1,0.56663,0.4283,0.56621,-0.013954,0.24578,0.3862,0.46471,0.30282,0.54272,0.55588,0.48152,0.56038,0.62357,0.19462,0.27964,0.18382,0.29739,0.26364,0.21821,0.32462,0.21281,0.15214,0.064984,0.12541,0.081542,0.23622,0.040547,0.10186,0.075468,0.26195,0.3485,0.32628,0.20325,0.15144,0.23317,0.48721,0.43403,0.35437,0.23951,0.30964,0.21644,0.19939,0.20756,0.28678,0.17256,0.25131,0.13342,0.2286,0.098719,0.19285,0.24522,0.35022,0.14516,0.027876,0.024697,0.063179,0.092034,0.012784,0.13248,0.042238,0.13214,0.14434,0.088423,0.076981,0.05594,0.10697,0.16477,0.14066,0.1428,0.35887,0.21427,0.091873,-0.05639,-0.01669,0.0057195,0.052601,0.23842,0.12451,0.35271,0.0062135,-0.0069029,0.061397,0.011035,-0.055356,0.0018976,-0.02269,0.040036,-0.073734,0.11151,-0.093361,0.033287,0.013999,0.090905,-0.029267,0.25064,-0.039858,0.022573,0.18345,0.22844,0.21513,0.38163,0.59465,0.56919,0.3465,0.25747,0.30106,0.087886,0.53674,0.47775,0.59674,0.53434,0.54963,0.55855,0.50694,0.2629,0.27775,0.2004,0.1979,0.29604,0.22969,0.20639,0.23605,0.15029,0.32536,0.10379,0.017242,0.1291,0.071504,0.18536,0.083425,0.10982,0.035636,0.034956,0.29971,0.40248,0.16423,0.1842,0.14263,0.40254,0.20123,0.42982,0.30164,0.16413,0.33964,0.21926,0.19763,0.2509,0.24163,0.31513,0.3256,0.17251,0.22926,0.13673,0.21029,0.23663,0.34248,0.23303,0.017798,0.10033,0.03109,0.072232,0.16226,0.053651,0.14049,0.10664,0.17055,0.24818,0.10392,0.078343,0.12202,0.16282,0.26478,0.1974,0.049024,0.12956,0.33918,0.19832,0.030133,0.14427,0.025321,0.33508,0.042189,0.065657,-0.0037558,-0.022073,0.10075,0.18753,0.096463,0.034597,0.018399,0.024489,0.0091902,0.039613,-0.050392,0.088632,0.058513,0.27866,0.042335,0.21411
0.56663,1,0.67385,0.6332,0.2937,0.196,0.61324,0.5193,0.58829,0.57427,0.75142,0.47868,0.64184,0.77216,0.28229,0.39245,0.22941,0.37205,0.19836,0.33612,0.43455,0.24385,0.1985,0.1373,0.091409,0.13007,0.27761,0.012514,0.18473,0.16193,0.36739,0.22927,0.37052,0.15939,0.11842,0.19522,0.4063,0.48016,0.25962,0.14897,0.31154,0.17607,0.20039,0.23239,0.21154,0.07067,0.21538,0.16011,0.24,0.081801,0.1972,0.25633,0.29902,0.16771,0.031013,0.0060495,0.071377,0.075463,0.00017198,0.17222,0.092784,0.17197,0.14156,0.17568,0.11062,0.12312,0.1521,0.16395,0.18788,0.14677,0.33161,0.21318,0.11549,0.014349,0.0732,0.10282,0.11059,0.22841,0.1357,0.26036,0.022561,0.086009,0.081673,0.039365,0.016586,0.064873,0.031074,0.063754,-0.0050273,0.15145,0.0098611,0.11777,0.11237,0.14635,0.065587,0.24771,0.059657,0.1036,0.1821,0.15885,0.23241,0.32321,0.73619,0.65166,0.59997,0.51831,0.24495,0.3652,0.65736,0.51444,0.69136,0.71369,0.6118,0.58921,0.59922,0.38126,0.3652,0.23695,0.26124,0.3556,0.26167,0.32288,0.27742,0.19629,0.45261,0.12263,0.13747,0.14435,0.16718,0.2938,0.089466,0.1875,0.085661,0.13053,0.41554,0.32566,0.16855,0.15475,0.15196,0.29741,0.1897,0.48611,0.18527,0.09796,0.35765,0.15542,0.21126,0.17737,0.20998,0.25424,0.32337,0.17938,0.21044,0.13648,0.22594,0.24703,0.29099,0.24703,0.0081729,0.1279,0.099478,0.075574,0.11413,0.074378,0.1109,0.11399,0.18603,0.24548,0.070627,0.15494,0.15445,0.16541,0.27266,0.17816,0.10845,0.19532,0.2866,0.18048,0.02386,0.16754,0.071091,0.29184,0.096627,0.14674,0.032678,0.027074,0.16233,0.18267,0.095503,0.053726,0.064396,0.0467,0.009967,0.11277,0.024269,0.15528,0.12713,0.23695,0.10108,0.22023
0.4283,0.67385,1,0.45177,0.32717,0.11985,0.49211,0.52135,0.55025,0.43621,0.72657,0.3348,0.51831,0.6686,0.25235,0.35773,0.21507,0.30378,0.23235,0.27749,0.36613,0.23055,0.29005,0.19671,0.13833,0.19313,0.26933,0.05599,0.22048,0.12312,0.47756,0.33068,0.42825,0.30844,0.25922,0.34987,0.47194,0.59764,0.19945,0.17691,0.3202,0.16488,0.2887,0.19017,0.26776,0.089587,0.2123,0.15832,0.26783,0.1061,0.18985,0.23332,0.2491,0.15855,0.021993,0.0065152,0.038838,0.058183,-0.036702,0.11278,0.089868,0.19953,0.21618,0.1558,0.11606,0.078703,0.14659,0.20711,0.11177,0.14421,0.278,0.22797,0.11751,-0.012855,0.051992,0.0024597,0.032496,0.13989,0.032251,0.14101,-0.018226,-0.012145,0.049606,-0.027101,-0.036819,-0.010896,-0.0045719,0.020384,-0.097474,0.13141,-0.048167,0.031352,0.057656,0.058746,0.072654,0.10258,-0.053114,0.068378,0.051925,0.094505,0.27238,0.22293,0.62505,0.5207,0.7089,0.47311,0.13482,0.44171,0.53618,0.38063,0.60549,0.58724,0.47925,0.5346,0.64196,0.3349,0.31461,0.17677,0.22798,0.28945,0.22296,0.23348,0.24964,0.3251,0.34351,0.11158,0.12926,0.17574,0.1867,0.30183,0.10697,0.19339,0.11574,0.091967,0.58742,0.28154,0.29913,0.29475,0.31549,0.30774,0.36768,0.58482,0.16028,0.12107,0.34235,0.1711,0.30909,0.14653,0.15304,0.26557,0.32044,0.1505,0.18718,0.13774,0.21345,0.22847,0.25461,0.21573,0.026378,0.15576,0.10269,0.042295,0.14119,0.037459,0.12944,0.19168,0.27819,0.2438,0.057058,0.18294,0.14399,0.25012,0.26647,0.18411,0.12142,0.15285,0.26652,0.18396,0.04813,0.14821,0.041552,0.18877,0.022099,0.11435,0.00019764,-0.03324,0.067896,0.099327,0.031853,0.023777,0.0054017,-0.016498,0.0033782,0.0083935,-0.037878,0.073814,0.078079,0.090457,0.001163,0.12248
0.56621,0.6332,0.45177,1,0.033745,0.21325,0.4424,0.48792,0.39668,0.6858,0.57529,0.55959,0.66186,0.67921,0.27322,0.37487,0.26539,0.42309,0.29285,0.29832,0.43116,0.26882,0.19008,0.14211,0.17073,0.13144,0.2694,0.046306,0.15097,0.16138,0.20891,0.31501,0.27601,0.21365,0.1723,0.2029,0.42354,0.37783,0.37585,0.26447,0.24675,0.20229,0.16709,0.28174,0.32902,0.17717,0.32097,0.18757,0.29606,0.16204,0.28683,0.33089,0.39921,0.18843,0.02459,-0.012619,0.021549,0.057764,-0.018014,0.16658,0.042607,0.11472,0.11101,0.036876,0.090221,0.012976,0.19181,0.18292,0.07678,0.12813,0.35454,0.26453,0.12905,-0.047947,-0.051395,-0.0014014,0.029488,0.23879,0.08182,0.22277,0.02323,-0.05432,0.11259,0.01576,-0.043345,0.034041,-0.019885,0.080579,-0.068325,0.20803,-0.081542,0.074566,0.014994,0.10784,0.027828,0.22941,-0.039196,0.025301,0.14352,0.14685,0.15543,0.30135,0.61936,0.66535,0.38954,0.31678,0.28699,0.17319,0.68888,0.607,0.6196,0.65835,0.66241,0.61828,0.46766,0.36342,0.3522,0.30021,0.28235,0.39946,0.32396,0.30138,0.2524,0.21534,0.42135,0.11331,0.10126,0.19929,0.13562,0.26766,0.1264,0.14906,0.060255,0.10813,0.28777,0.3606,0.19062,0.17108,0.17329,0.34595,0.20117,0.42949,0.30875,0.1949,0.27238,0.18154,0.17234,0.24523,0.28117,0.37992,0.33924,0.23045,0.30109,0.16009,0.29311,0.29268,0.37885,0.29945,0.0049505,0.11226,0.034771,0.092977,0.10837,0.040018,0.16298,0.10485,0.14186,0.19478,0.14097,0.049224,0.1515,0.16818,0.17267,0.27801,0.098675,0.10521,0.33501,0.22447,0.035551,0.22226,0.05567,0.22951,0.051538,0.039613,0.011416,-0.061766,0.12002,0.14655,0.11896,0.050919,0.0085742,0.045532,0.018844,0.032471,-0.041206,0.054061,0.051411,0.21275,0.031902,0.1926
-0.013954,0.2937,0.32717,0.033745,1,0.093921,0.34035,-0.065013,0.64786,0.067315,0.26068,0.061975,0.026619,0.083549,0.0082832,0.10324,-0.035582,0.049798,-0.065869,0.084248,0.1195,-0.063344,0.055191,0.085871,-0.088761,0.058283,0.038236,-0.062974,0.080246,0.055815,0.15882,-0.12445,0.099304,-0.12756,-0.06754,0.013101,-0.043991,0.0698,-0.023584,-0.17073,0.0049928,0.07896,-0.026285,0.050466,-0.14498,-0.10363,-0.13081,0.058042,-0.063994,-0.034015,0.015692,-0.013618,-0.10126,-0.0014631,-0.011031,0.036183,0.056066,0.029331,-0.0067199,0.031038,0.28448,0.21913,0.067478,0.31102,0.065283,0.30215,0.14618,0.033828,0.21864,0.14947,0.20288,0.071366,0.0017249,0.13272,0.25812,0.22252,0.33374,0.13479,0.21625,0.1424,0.17298,0.4112,0.0089287,0.043683,0.12011,0.1688,0.13683,0.021924,0.10069,-0.018407,0.17757,0.22557,0.35219,0.261,0.19179,0.23051,0.30298,0.19914,0.25306,0.11575,-0.010364,0.049872,0.067756,0.044574,0.32444,0.52796,0.0086422,0.81966,0.097802,0.020248,-0.011255,0.073662,0.075613,0.00034299,0.047889,0.087565,0.072886,-0.028843,0.0090143,0.037228,-0.040756,0.0741,0.042947,0.02203,0.11893,0.028745,0.10364,-0.056698,0.11977,0.068161,-0.058912,0.094472,0.06135,0.11234,0.10578,-0.11037,-0.078198,-0.0096965,-0.028923,0.014254,0.018809,-0.02939,-0.10313,-0.14578,-0.054805,0.0066147,0.037245,-0.056106,0.064854,-0.1577,-0.017572,-0.06373,-0.11315,0.045374,-0.061237,0.014047,-0.035311,-0.010423,-0.011537,0.067412,0.18907,-0.0076678,0.075127,0.063948,0.081329,0.17466,0.14985,0.18037,-0.0026315,0.24335,0.2171,0.0083732,0.1346,0.0051253,0.22663,0.36914,0.10566,0.072711,0.011609,0.016559,0.196,0.19787,0.27315,0.39878,0.12861,0.24291,0.20321,0.23488,0.06332,0.059304,0.091579,0.030504,-0.020887,0.24024,0.18173,0.31191,0.28307,0.1639,0.27285,0.25024
0.24578,0.196,0.11985,0.21325,0.093921,1,0.19911,0.14472,0.12866,0.28609,0.12799,0.21279,0.1823,0.15387,0.13089,0.14194,0.074904,0.14404,0.1031,0.13479,0.14558,0.077414,0.10075,0.077682,0.087258,0.079735,0.10709,0.042214,0.067433,0.025164,0.088611,0.14731,0.099572,0.084017,0.096757,0.11784,0.19527,0.11167,0.26517,0.14511,0.13953,0.18559,0.061805,0.089734,0.093809,0.051137,0.090032,0.077276,0.083268,0.050457,0.13412,0.12758,0.19018,0.079553,0.021716,0.060112,0.079325,0.044155,0.022083,0.085111,0.10663,0.11079,0.069179,0.12783,0.033255,0.058527,0.135,0.068282,0.12129,0.10049,0.23748,0.14579,0.067346,0.019432,0.065344,0.099448,0.14155,0.16492,0.14933,0.28633,0.060236,0.15583,0.033662,0.072799,-0.013431,0.08709,0.028929,0.090486,0.066676,0.093277,0.017167,0.14866,0.12688,0.21355,0.041605,0.32517,0.14864,0.11168,0.25641,0.21855,0.0624,0.22487,0.16555,0.19298,0.065107,0.15952,0.19919,0.077922,0.20144,0.2248,0.14358,0.14074,0.2475,0.19357,0.1145,0.12958,0.15251,0.081173,0.10311,0.12849,0.11502,0.13741,0.099453,0.10616,0.14897,0.09327,0.028271,0.10496,0.076065,0.10772,0.064981,0.0978,0.045956,0.068242,0.096014,0.20911,0.060083,0.077997,0.069048,0.23603,0.09357,0.1115,0.17521,0.097434,0.1034,0.14879,0.062985,0.11465,0.14243,0.11327,0.11801,0.085931,0.077436,0.090658,0.086432,0.11806,0.16139,0.11361,0.0018702,0.066106,0.097582,0.034404,0.094699,0.10279,0.085665,0.10207,0.097765,0.20777,0.096809,0.083777,0.10701,0.049038,0.15673,0.088895,0.10055,0.15545,0.21052,0.1097,0.033331,0.11316,0.095088,0.29534,0.14126,0.17081,0.044939,0.12326,0.15023,0.19442,0.13451,0.028788,0.07667,0.10339,0.04064,0.16835,0.047326,0.19283,0.16928,0.28801,0.1847,0.25716
0.3862,0.61324,0.49211,0.4424,0.34035,0.19911,1,0.39228,0.50962,0.43486,0.46992,0.29212,0.44801,0.48604,0.20647,0.34206,0.17724,0.2083,0.12638,0.24831,0.25222,0.14934,0.21332,0.15445,0.116,0.14895,0.23146,0.052096,0.24357,0.1482,0.39565,0.24701,0.30585,0.15394,0.11372,0.21753,0.37223,0.37173,0.21833,0.15033,0.2255,0.19602,0.19476,0.15331,0.12362,0.033697,0.14063,0.12963,0.14082,0.030503,0.081435,0.15821,0.22442,0.080038,0.058069,0.027135,0.145,0.11076,0.033293,0.18899,0.14866,0.22582,0.20276,0.30147,0.1536,0.14989,0.123,0.19719,0.24311,0.15885,0.29771,0.18029,0.10764,0.078747,0.1891,0.19033,0.19978,0.26723,0.21176,0.31548,0.05689,0.23604,0.10239,0.1094,0.075034,0.13928,0.12912,0.12141,0.14536,0.12345,0.089191,0.20943,0.19668,0.23137,0.099514,0.3101,0.21035,0.21022,0.24763,0.22232,0.21543,0.25875,0.46243,0.45858,0.41413,0.66599,0.18885,0.33533,0.51739,0.36294,0.43581,0.50831,0.41135,0.43355,0.42758,0.32477,0.32097,0.17575,0.22768,0.18137,0.15564,0.2331,0.17106,0.24105,0.26256,0.1793,0.1942,0.19362,0.24413,0.29552,0.1172,0.25808,0.17857,0.17055,0.41052,0.29595,0.13084,0.19665,0.18036,0.28517,0.17692,0.35657,0.10757,0.14144,0.24268,0.15129,0.21256,0.1317,0.15025,0.12969,0.20881,0.13874,0.11668,0.074178,0.082193,0.1607,0.20258,0.099023,0.030808,0.18286,0.13134,0.080242,0.13797,0.13112,0.083331,0.16929,0.25276,0.33689,0.020251,0.2638,0.12894,0.17478,0.31215,0.040241,0.11973,0.24947,0.24803,0.13813,0.039606,0.12472,0.088162,0.34203,0.1474,0.25416,0.089858,0.14686,0.21835,0.21645,0.13139,0.081289,0.12095,0.11834,0.026599,0.233,0.08295,0.2263,0.1868,0.27851,0.22536,0.25428
0.46471,0.5193,0.52135,0.48792,-0.065013,0.14472,0.39228,1,0.28485,0.43793,0.5835,0.36825,0.55646,0.61466,0.31762,0.41538,0.31344,0.37604,0.36894,0.32952,0.36471,0.29393,0.31285,0.22869,0.26531,0.19884,0.32454,0.17656,0.24639,0.15482,0.27231,0.36748,0.21836,0.31343,0.2853,0.21175,0.42447,0.4051,0.27954,0.34311,0.25927,0.11865,0.19982,0.32757,0.35909,0.20486,0.34043,0.069715,0.29241,0.18918,0.23166,0.31308,0.37866,0.22344,0.029018,0.014567,0.067044,0.085191,0.044266,0.22298,-0.011779,-0.023573,0.039796,-0.00016475,0.059215,-0.077573,0.052835,0.13475,0.05769,0.14617,0.17462,0.1887,0.10912,0.065109,-0.0038116,0.11967,0.019104,0.3059,0.15238,0.16022,0.072193,-0.075317,0.18069,0.035071,0.041949,0.069796,0.055501,0.07654,0.039508,0.18471,-0.0072952,-0.041584,-0.013231,-0.01193,0.036464,0.095,-0.031384,-0.042182,0.10743,0.080937,0.22149,0.20262,0.54199,0.50665,0.46645,0.27764,0.17026,0.092631,0.51406,0.42165,0.57291,0.56805,0.4728,0.54367,0.41744,0.37121,0.34527,0.28392,0.31875,0.31658,0.33668,0.30075,0.27644,0.30065,0.32949,0.19735,0.18329,0.27889,0.20588,0.29683,0.2066,0.2395,0.13821,0.14603,0.33801,0.54996,0.25607,0.15288,0.25768,0.24852,0.20709,0.45887,0.27704,0.27604,0.30519,0.14476,0.17421,0.33349,0.2573,0.4035,0.43412,0.25826,0.29055,0.051015,0.26191,0.26723,0.32752,0.27809,0.019007,0.12492,-0.0033358,0.12471,0.10612,0.034469,0.12465,0.0096032,0.029659,0.11448,0.095381,-0.028505,0.013699,0.14332,0.11368,0.23356,-0.017071,0.0028435,0.19085,0.14482,0.020752,0.14868,-0.027146,0.13172,0.015728,-0.07676,0.064009,-0.056815,0.15217,0.098942,0.15455,0.1096,0.048113,0.096987,0.051475,0.021515,0.0045659,-0.026725,-0.034872,0.10339,0.0030854,0.093731
0.30282,0.58829,0.55025,0.39668,0.64786,0.12866,0.50962,0.28485,1,0.38567,0.6223,0.32874,0.44788,0.53802,0.20458,0.33276,0.15052,0.26461,0.093657,0.28843,0.30713,0.14109,0.19415,0.20893,0.031925,0.14373,0.20448,-0.015965,0.22081,0.16743,0.20977,-0.031501,0.17517,-0.013661,0.031225,0.032778,0.15618,0.27148,0.092649,-0.00077508,0.10172,0.047413,0.0096346,0.19402,0.0018542,-0.073492,0.042895,0.062699,0.087995,0.0014812,0.10945,0.15794,0.10427,0.097181,-0.040088,-0.0092299,0.031948,0.016712,0.011556,0.12247,0.14747,0.096105,-0.0032013,0.16473,-0.00023443,0.12617,0.12226,0.004937,0.10584,0.10099,0.22392,0.16228,0.040964,0.12245,0.15865,0.20301,0.19886,0.18488,0.14499,0.11653,0.1056,0.18567,0.05657,0.030989,0.07088,0.093639,0.06651,0.036312,0.025895,0.077963,0.11303,0.078039,0.18333,0.13554,0.17742,0.20406,0.15734,0.097553,0.18576,0.073063,0.084078,0.17095,0.47909,0.44405,0.57812,0.51178,0.13425,0.72255,0.48536,0.31784,0.44058,0.54445,0.43211,0.35786,0.33739,0.30449,0.2846,0.15585,0.20479,0.24919,0.16418,0.25893,0.18759,0.18147,0.34167,0.12811,0.23345,0.068672,0.24501,0.22452,0.018267,0.23207,0.14321,0.19627,0.24586,0.095532,0.06385,0.0059879,0.074982,0.11042,0.087645,0.25771,0.023735,-0.0025833,0.11838,0.02277,0.067407,0.070728,0.19609,0.050938,0.15354,0.096553,0.071586,0.048878,0.084543,0.13319,0.13811,0.13129,-0.0050132,0.094579,0.1586,0.056538,0.094878,0.03728,0.086402,0.090912,0.10579,0.15271,0.050404,0.1526,0.17099,0.020411,0.10514,0.10709,0.15606,0.2507,0.17674,0.14329,-0.0199,0.080678,0.082732,0.18933,0.1994,0.23153,0.14126,0.14033,0.24128,0.21932,0.10481,0.04607,0.077891,0.044282,-0.0092794,0.16706,0.13189,0.19468,0.18057,0.16759,0.18429,0.21862
0.54272,0.57427,0.43621,0.6858,0.067315,0.28609,0.43486,0.43793,0.38567,1,0.52504,0.64866,0.76497,0.64039,0.3003,0.41457,0.30645,0.59067,0.42181,0.38951,0.53851,0.33094,0.24713,0.19927,0.2342,0.18653,0.31126,0.10387,0.13103,0.19405,0.12967,0.34247,0.23395,0.28659,0.25398,0.22941,0.44478,0.37493,0.49886,0.35346,0.25005,0.27305,0.17297,0.39536,0.49108,0.27828,0.42416,0.26961,0.38861,0.27197,0.46408,0.46547,0.50497,0.29306,-0.0085373,-0.0016177,-0.035694,0.0037638,-0.041561,0.14667,0.03947,0.10901,0.094271,-0.073804,0.06019,-0.065697,0.32305,0.23482,0.023278,0.14911,0.43226,0.33436,0.13453,-0.11723,-0.15431,-0.06078,0.0061135,0.28533,0.054454,0.16911,0.03077,-0.14653,0.14147,-0.007451,-0.11036,0.049184,-0.063244,0.13552,-0.12264,0.3082,-0.16585,0.0801,-0.031104,0.10933,0.033153,0.2397,-0.1023,0.01246,0.15853,0.11198,0.083122,0.28484,0.57574,0.6895,0.35684,0.31976,0.33128,0.19356,0.79491,0.72651,0.58328,0.67534,0.75696,0.69005,0.37272,0.41651,0.39296,0.353,0.3273,0.57474,0.45075,0.39423,0.29166,0.26381,0.50287,0.14406,0.090969,0.26215,0.14095,0.28895,0.15317,0.15852,0.026318,0.14508,0.22169,0.37625,0.28135,0.19067,0.2384,0.37866,0.23358,0.38773,0.43859,0.26286,0.23614,0.22102,0.17257,0.2944,0.36929,0.51666,0.39883,0.2746,0.39927,0.23519,0.42443,0.37353,0.48648,0.41351,0.0031787,0.11562,0.097475,0.072691,0.067412,-0.0012373,0.27118,0.14552,0.12358,0.15844,0.24825,0.010999,0.28261,0.21774,0.10884,0.46515,0.17858,0.086329,0.39995,0.2814,0.041393,0.3495,0.12535,0.19491,0.048129,0.01579,-0.03313,-0.12655,0.090759,0.17647,0.13643,0.011916,-0.044994,0.083788,0.012073,0.024554,-0.08707,0.048286,0.041333,0.19933,-0.014275,0.24543
0.55588,0.75142,0.72657,0.57529,0.26068,0.12799,0.46992,0.5835,0.6223,0.52504,1,0.44288,0.67973,0.82686,0.26103,0.36693,0.22336,0.34513,0.2214,0.27969,0.39386,0.26306,0.17721,0.13947,0.092255,0.10424,0.254,0.009468,0.17125,0.12839,0.21589,0.17342,0.25715,0.10638,0.094163,0.1022,0.37251,0.45664,0.2282,0.14479,0.24707,0.077108,0.070432,0.24873,0.20686,0.085738,0.22538,0.081515,0.20925,0.050393,0.2147,0.24374,0.30134,0.14517,-0.011951,-0.014945,-0.017929,0.028906,-0.022437,0.13087,0.031419,-0.016769,-0.011641,-0.00091899,0.036207,0.0042056,0.13114,0.043932,-0.0057711,0.059005,0.23205,0.21535,0.076262,0.022252,0.0012226,0.034559,0.0080476,0.16324,0.01702,0.15081,0.021496,-0.072038,0.10624,0.0012904,-0.0032625,0.034772,-0.022665,0.056098,-0.052881,0.14174,-0.030469,-0.047736,0.016937,0.002286,0.044777,0.11957,-0.065486,-0.030829,0.083804,0.068015,0.19143,0.27692,0.75376,0.64336,0.73286,0.45104,0.20818,0.46028,0.64267,0.4743,0.80353,0.76061,0.59318,0.62821,0.62237,0.34464,0.3301,0.22522,0.26385,0.34557,0.24638,0.25372,0.30466,0.16065,0.40619,0.096453,0.11762,0.1123,0.12632,0.26089,0.067827,0.15949,0.062974,0.090618,0.36363,0.3091,0.14498,0.089214,0.11026,0.2683,0.18132,0.51265,0.20767,0.075636,0.36319,0.11177,0.14693,0.20689,0.24228,0.29091,0.33703,0.17658,0.22949,0.10564,0.22126,0.22648,0.31804,0.2456,0.0025053,0.12733,0.10874,0.075462,0.10595,0.011464,0.15699,0.045438,0.0681,0.13851,0.095695,0.041471,0.14239,0.10934,0.14262,0.25686,0.078904,0.1095,0.25145,0.19263,0.0057041,0.14504,0.0051467,0.20303,0.072333,0.023874,0.067115,-0.024091,0.12666,0.14751,0.073953,0.087411,0.038512,0.071711,1.3029e-05,0.061352,0.029942,0.057823,0.045534,0.12468,0.013763,0.15435
0.48152,0.47868,0.3348,0.55959,0.061975,0.21279,0.29212,0.36825,0.32874,0.64866,0.44288,1,0.60953,0.53091,0.25127,0.3382,0.23059,0.45968,0.29405,0.32268,0.42988,0.25307,0.13069,0.10312,0.12858,0.094339,0.22736,0.045631,0.090155,0.13237,0.11231,0.22593,0.20961,0.16254,0.13161,0.12437,0.32026,0.26556,0.35538,0.20764,0.17105,0.1687,0.094548,0.27581,0.33325,0.15667,0.30637,0.18508,0.27651,0.12856,0.31026,0.32958,0.36425,0.20927,-0.0039272,0.010399,-0.021277,0.018577,-0.031535,0.11404,-0.024377,0.06325,0.030128,-0.06635,0.020672,-0.045071,0.2084,0.13451,0.03294,0.091819,0.40157,0.26011,0.080766,-0.090397,-0.1301,-0.024764,0.00029621,0.19927,0.055905,0.19886,-0.014721,-0.099071,0.077502,0.013897,-0.10971,0.021091,-0.087987,0.087064,-0.1172,0.19506,-0.15872,0.015919,-0.055799,0.086293,-0.024668,0.25998,-0.043687,-0.013488,0.17469,0.13383,0.089989,0.27644,0.47271,0.54243,0.28507,0.20843,0.27352,0.14985,0.5963,0.56184,0.47618,0.53251,0.63807,0.56558,0.34159,0.31281,0.30897,0.26952,0.23772,0.45178,0.33342,0.31558,0.22762,0.13249,0.4157,0.094837,0.061881,0.15938,0.083319,0.18969,0.096571,0.097983,0.016652,0.097566,0.17196,0.29331,0.15487,0.090909,0.11349,0.32261,0.135,0.2977,0.32274,0.14978,0.17324,0.13795,0.094613,0.21424,0.26409,0.36061,0.29176,0.21285,0.29745,0.13785,0.31033,0.28845,0.35315,0.31539,0.012102,0.075667,0.079812,0.061872,0.098282,0.010197,0.15661,0.069295,0.096853,0.12868,0.17952,-0.017081,0.17534,0.1154,0.10317,0.30507,0.085479,0.059634,0.36892,0.23068,0.032203,0.22595,0.045887,0.21866,0.027398,0.021168,-0.023453,-0.07649,0.093233,0.13722,0.10049,-0.027769,0.0039776,0.055615,0.002946,0.032768,-0.074679,0.059656,0.047093,0.24566,0.056807,0.22218
0.56038,0.64184,0.51831,0.66186,0.026619,0.1823,0.44801,0.55646,0.44788,0.76497,0.67973,0.60953,1,0.76086,0.32758,0.43392,0.31655,0.55447,0.37994,0.37824,0.49474,0.37101,0.23281,0.20189,0.22479,0.15386,0.33456,0.076665,0.17646,0.20448,0.12311,0.26089,0.2073,0.21631,0.19652,0.14455,0.42615,0.40189,0.40994,0.34,0.18176,0.13687,0.091435,0.3772,0.43852,0.23342,0.41034,0.19315,0.35745,0.20424,0.39742,0.41615,0.48029,0.24665,-0.016472,-0.015995,-0.055528,0.0090571,-0.032077,0.15408,-0.0091672,0.0089049,0.012594,-0.13526,0.057285,-0.12146,0.27314,0.18131,-0.081241,0.050891,0.36522,0.32448,0.10029,-0.092812,-0.16507,-0.079573,-0.070172,0.22028,-0.02655,0.04569,0.001377,-0.2291,0.14649,-0.010657,-0.097689,0.027419,-0.080664,0.10744,-0.14837,0.27224,-0.16672,-0.047795,-0.10199,-0.020558,-0.0050363,0.093155,-0.16354,-0.053131,0.054821,0.012944,0.10833,0.23252,0.66596,0.70625,0.51636,0.33322,0.26289,0.22046,0.78935,0.65307,0.73797,0.83113,0.74613,0.76721,0.46905,0.42809,0.42774,0.35552,0.33533,0.54711,0.44077,0.36491,0.31256,0.24063,0.49637,0.13794,0.11741,0.25477,0.14703,0.31596,0.13211,0.19973,0.048626,0.13974,0.25874,0.37375,0.24429,0.13434,0.17645,0.31536,0.19857,0.46854,0.38304,0.24003,0.25409,0.14144,0.13342,0.30369,0.35908,0.50622,0.3991,0.26663,0.39756,0.17954,0.40671,0.33417,0.47849,0.37815,0.0092344,0.10607,0.10451,0.081839,0.055699,-0.016982,0.2572,0.08123,0.070632,0.092723,0.21542,-0.011625,0.22965,0.20296,0.028916,0.44531,0.1441,0.010605,0.35545,0.2743,0.029362,0.30018,0.045086,0.10006,0.0072996,-0.060195,-0.023911,-0.15231,0.077265,0.12597,0.12559,0.043615,-0.037161,0.070768,0.0049382,-0.019155,-0.087555,-0.045227,-0.039207,0.085245,-0.070584,0.1441
0.62357,0.77216,0.6686,0.67921,0.083549,0.15387,0.48604,0.61466,0.53802,0.64039,0.82686,0.53091,0.76086,1,0.31004,0.41632,0.2871,0.41769,0.29291,0.31962,0.45779,0.31864,0.21168,0.1634,0.15117,0.14475,0.29862,0.043025,0.18677,0.16498,0.29144,0.27193,0.38288,0.20478,0.15141,0.18957,0.48614,0.54196,0.28151,0.23892,0.33132,0.12559,0.1892,0.29025,0.31227,0.12596,0.31221,0.15395,0.29472,0.11435,0.23943,0.32099,0.37649,0.20301,-0.001758,-0.022661,0.0063597,0.044241,-0.012551,0.15146,-0.046189,0.062027,0.083695,-0.0024723,0.060099,-0.023343,0.11681,0.13866,0.060543,0.090222,0.28281,0.23986,0.10754,-0.060406,-0.071739,-0.03279,-0.051762,0.1758,0.01837,0.16781,-0.054356,-0.15021,0.084089,-0.015887,-0.0752,-0.029206,-0.064707,0.027555,-0.11983,0.16842,-0.10896,-0.043192,-0.068471,-0.024986,-0.005042,0.10621,-0.12408,-0.035144,0.050206,0.074763,0.22504,0.29095,0.79208,0.72519,0.62711,0.37802,0.25424,0.2746,0.72989,0.57689,0.79747,0.82047,0.6822,0.7095,0.67701,0.41055,0.39552,0.27854,0.30899,0.41762,0.32114,0.31186,0.3089,0.22052,0.47341,0.11936,0.12493,0.17161,0.14533,0.29677,0.10746,0.17485,0.060891,0.10299,0.41166,0.38046,0.22066,0.16458,0.18697,0.31931,0.23211,0.59815,0.2562,0.15779,0.41477,0.15266,0.20688,0.24403,0.2549,0.38775,0.40175,0.2229,0.30992,0.15421,0.29931,0.2951,0.36562,0.31748,0.009349,0.1193,0.036903,0.07523,0.09417,0.0098444,0.12517,0.045318,0.12653,0.15179,0.11252,0.023254,0.11637,0.16589,0.1963,0.27136,0.04248,0.045856,0.28665,0.19434,0.0089164,0.17531,-0.029366,0.17502,-0.037705,-0.04524,-0.028978,-0.11642,0.078874,0.098383,0.07088,0.024195,-0.01561,0.022364,0.0013847,-0.040718,-0.083018,-0.012232,-0.024019,0.11695,-0.05801,0.10567
0.19462,0.28229,0.25235,0.27322,0.0082832,0.13089,0.20647,0.31762,0.20458,0.3003,0.26103,0.25127,0.32758,0.31004,1,0.59437,0.40887,0.37794,0.31427,0.37265,0.31354,0.30275,0.28819,0.35403,0.22621,0.29968,0.27091,0.1745,0.35015,0.26426,0.098409,0.11847,0.087269,0.22567,0.2276,0.10777,0.18342,0.20387,0.14359,0.25105,0.1366,0.094164,0.13303,0.30247,0.22409,0.01267,0.32328,0.11042,0.24763,0.092661,0.19812,0.29413,0.27662,0.21627,-0.012629,0.025164,0.01229,0.00816,0.014123,0.16822,-0.062786,0.0050276,0.017148,-0.028582,0.021262,-0.12909,0.1321,0.087999,-0.018797,0.013919,0.083416,0.16725,0.073722,-0.026906,-0.051413,0.028027,-0.067272,0.096252,-0.037325,-0.016629,-0.087905,-0.10526,0.063579,0.043381,-0.090027,-0.01558,-0.073001,0.12603,-0.026895,0.2182,-0.072671,0.0016266,-0.053983,0.049282,0.067169,0.041683,-0.042396,0.013467,0.065894,0.0065178,0.086639,0.088179,0.28883,0.28923,0.23726,0.13928,0.088851,0.086632,0.36352,0.29671,0.25389,0.30907,0.33762,0.29628,0.17494,0.545,0.54507,0.34078,0.36745,0.30115,0.35377,0.34411,0.22368,0.31571,0.34517,0.25037,0.28862,0.23585,0.3128,0.2853,0.18564,0.29879,0.25129,0.24488,0.17807,0.25639,0.22374,0.12681,0.20947,0.12099,0.154,0.25273,0.16919,0.22578,0.15412,0.12437,0.1439,0.16021,0.20075,0.27647,0.27733,0.21701,0.31131,0.092802,0.23481,0.22944,0.26212,0.23144,0.040248,0.085042,0.1097,0.050584,0.050843,0.039253,0.065298,0.032115,0.072473,0.088119,0.12538,0.027881,0.075238,0.11593,0.048628,0.16827,0.090557,-0.014739,0.12922,0.14331,0.02395,0.19209,0.053123,0.052054,-0.038702,-0.023316,-0.029978,-0.03999,0.10007,0.033303,0.081721,-0.022977,0.034096,0.090964,0.055687,0.076559,-0.055555,0.057115,0.03978,0.066645,-0.0035572,0.09802
0.27964,0.39245,0.35773,0.37487,0.10324,0.14194,0.34206,0.41538,0.33276,0.41457,0.36693,0.3382,0.43392,0.41632,0.59437,1,0.54186,0.5051,0.43666,0.54671,0.4446,0.39614,0.42489,0.50559,0.32138,0.41231,0.41428,0.23353,0.5246,0.39999,0.15468,0.16111,0.10703,0.30469,0.29726,0.14719,0.25331,0.28107,0.20917,0.34313,0.1963,0.16845,0.16493,0.46097,0.28754,0.033872,0.34883,0.11742,0.30728,0.15755,0.26609,0.37449,0.37294,0.32996,-0.0072767,0.027923,0.03785,-0.016311,0.018468,0.18823,-0.024881,-0.0012495,0.017573,0.011913,0.024333,-0.1349,0.19694,0.10094,0.019307,0.068586,0.12027,0.23646,0.10891,-0.022515,-0.040183,0.069001,-0.029362,0.19119,0.026521,0.0062282,-0.063343,-0.075233,0.115,0.061608,-0.058692,0.03143,-0.051182,0.16392,0.01295,0.26727,-0.033794,0.038044,-0.026453,0.10281,0.14027,0.084405,-0.0048382,0.049379,0.13833,0.054666,0.11086,0.13361,0.40548,0.40754,0.35913,0.27492,0.1488,0.21589,0.50108,0.40156,0.34379,0.43333,0.44017,0.3942,0.22955,0.74056,0.71931,0.47477,0.53579,0.38673,0.47308,0.50016,0.29418,0.44266,0.46562,0.36101,0.42037,0.32212,0.447,0.39458,0.27819,0.44443,0.41429,0.3858,0.23937,0.35449,0.29341,0.14845,0.28614,0.14209,0.18663,0.32105,0.20384,0.3195,0.18487,0.16034,0.15907,0.22251,0.29261,0.34945,0.36194,0.27469,0.36851,0.092948,0.27686,0.29983,0.35391,0.32223,0.029815,0.090577,0.10923,0.061421,0.046399,0.058107,0.080325,0.049622,0.063234,0.12566,0.13849,0.050777,0.099736,0.13149,0.059626,0.21577,0.13041,0.025038,0.15128,0.1885,0.046296,0.25342,0.074997,0.079503,-0.0021929,0.0063804,0.016902,-0.036245,0.1968,0.090375,0.13987,-0.005693,0.075775,0.13211,0.091133,0.10146,-0.02235,0.090809,0.094985,0.10167,0.049521,0.15207
0.18382,0.22941,0.21507,0.26539,-0.035582,0.074904,0.17724,0.31344,0.15052,0.30645,0.22336,0.23059,0.31655,0.2871,0.40887,0.54186,1,0.43272,0.41196,0.43757,0.37011,0.34936,0.30015,0.37862,0.28956,0.33238,0.32411,0.20707,0.41092,0.32339,0.075088,0.15431,0.03084,0.26369,0.24108,0.083663,0.18176,0.16648,0.14422,0.34793,0.11341,0.10946,0.11479,0.3579,0.29174,0.11088,0.33814,0.079477,0.30978,0.19025,0.23537,0.33621,0.33209,0.29053,0.018888,0.06403,0.033786,0.0013215,0.025372,0.15521,-0.052585,-0.058739,-0.023294,-0.069887,0.028618,-0.14782,0.10454,0.077746,-0.045089,0.038043,0.051972,0.15846,0.09558,0.0072556,-0.065046,0.022564,-0.058294,0.13584,-0.026948,-0.060472,-0.017859,-0.14787,0.10324,0.019198,-0.028181,0.024633,-0.026996,0.11594,-0.012162,0.2176,-0.020228,-0.019253,-0.078604,-0.013438,0.08986,-0.0087564,-0.078777,-0.03482,0.01732,0.0021587,0.060686,0.077912,0.2796,0.27511,0.21821,0.097815,0.081311,0.073092,0.36673,0.31813,0.24744,0.30615,0.31664,0.30335,0.13031,0.51401,0.46389,0.39517,0.41675,0.32574,0.4232,0.40582,0.22429,0.33958,0.35356,0.29247,0.30905,0.27721,0.33041,0.29987,0.2394,0.36433,0.33082,0.31122,0.14743,0.25516,0.25154,0.08969,0.22257,0.074352,0.11296,0.23817,0.18305,0.30232,0.12385,0.10187,0.10704,0.20075,0.20703,0.33671,0.30023,0.23935,0.3244,0.062037,0.27665,0.27529,0.31982,0.28861,0.010448,0.039177,0.019751,0.086251,0.026904,0.0066842,0.076687,-0.017374,-0.018979,0.023359,0.11562,-0.030201,0.017109,0.088738,-0.021651,0.2003,0.046489,-0.076468,0.084818,0.13942,0.035304,0.1878,0.023212,-0.040271,-0.051096,-0.10038,0.0053294,-0.082871,0.09228,0.017734,0.086574,0.03302,0.012992,0.057682,0.079125,-0.018242,-0.031752,-0.046896,-0.027239,0.0006082,-0.049144,0.0021752
0.29739,0.37205,0.30378,0.42309,0.049798,0.14404,0.2083,0.37604,0.26461,0.59067,0.34513,0.45968,0.55447,0.41769,0.37794,0.5051,0.43272,1,0.56123,0.69536,0.69024,0.407,0.24397,0.27261,0.25927,0.28145,0.30772,0.1441,0.18629,0.34203,0.051209,0.24991,0.094749,0.33571,0.27771,0.14428,0.24295,0.20317,0.31602,0.36343,0.11146,0.13788,0.1614,0.52509,0.60834,0.30782,0.52345,0.2659,0.55673,0.3953,0.5034,0.58187,0.48153,0.42569,-0.0022625,0.019191,-0.033716,-0.030374,-0.0083575,0.13426,-0.091937,0.0044652,-0.010305,-0.15875,0.070933,-0.1501,0.216,0.24561,-0.075064,0.078042,0.22831,0.29058,0.10135,-0.12595,-0.19953,-0.085959,-0.12492,0.19557,-0.065094,-0.09768,-0.052414,-0.28109,0.139,-0.06324,-0.14892,-0.00057034,-0.12794,0.096786,-0.17144,0.3239,-0.20028,-0.060316,-0.15732,-0.073732,-0.0053637,0.015795,-0.21115,-0.069842,-0.019472,-0.015422,0.02452,0.10059,0.37285,0.4456,0.26281,0.16424,0.16525,0.17776,0.58013,0.5269,0.37132,0.47017,0.51921,0.48788,0.16462,0.49655,0.43117,0.46793,0.37725,0.79983,0.695,0.66652,0.2944,0.24614,0.63991,0.19597,0.11673,0.23648,0.13416,0.22982,0.19195,0.19776,0.084756,0.25499,0.11113,0.29312,0.39021,0.11544,0.22094,0.13572,0.15708,0.22415,0.3525,0.26022,0.084144,0.11065,0.1435,0.31122,0.34813,0.59072,0.45048,0.32286,0.47169,0.20399,0.59648,0.48464,0.46705,0.54313,0.01755,0.096392,0.028725,0.083006,-0.012032,-0.036566,0.20241,0.020032,0.0011554,-0.01847,0.2464,-0.076019,0.15087,0.19361,-0.064311,0.48267,0.11146,-0.10673,0.23714,0.23531,0.035172,0.31739,0.055898,-0.067171,-0.10513,-0.15185,-0.094709,-0.22595,0.019915,0.0034005,0.070242,-0.030328,-0.074765,0.026782,0.016763,-0.10602,-0.15506,-0.11315,-0.11,-0.003424,-0.15485,0.021865
0.26364,0.19836,0.23235,0.29285,-0.065869,0.1031,0.12638,0.36894,0.093657,0.42181,0.2214,0.29405,0.37994,0.29291,0.31427,0.43666,0.41196,0.56123,1,0.42411,0.44927,0.38638,0.48048,0.40035,0.42715,0.40061,0.34236,0.34189,0.23557,0.21279,0.065249,0.36307,0.13232,0.51385,0.49905,0.28111,0.35899,0.2843,0.31447,0.52969,0.25576,0.19741,0.27172,0.46351,0.58384,0.30786,0.45288,0.20354,0.42479,0.35889,0.39196,0.50355,0.46678,0.44406,-0.015049,0.025373,-0.012192,-0.010993,0.011947,0.097978,-0.076703,0.0077254,0.034188,-0.17642,0.0053629,-0.1234,0.14438,0.16701,-0.026065,0.15961,0.16729,0.24029,0.088545,-0.088433,-0.20646,-0.073443,-0.079872,0.20933,0.0061197,-0.027272,-0.0052129,-0.25841,0.13011,-0.084228,-0.091213,-0.028911,-0.071984,0.052856,-0.14546,0.24884,-0.19446,-0.073838,-0.14532,-0.10385,-0.012841,-0.021168,-0.1876,-0.075325,-0.010234,-0.015563,0.040016,0.059871,0.26473,0.32639,0.13786,0.070512,0.14457,0.02125,0.40764,0.40147,0.23254,0.28985,0.35733,0.36177,0.12191,0.41514,0.37497,0.34382,0.38988,0.47549,0.55872,0.40723,0.25662,0.45811,0.3688,0.26547,0.14454,0.37116,0.2426,0.23554,0.32472,0.20528,0.16291,0.18271,0.11088,0.37223,0.46937,0.20988,0.42983,0.18784,0.28477,0.2747,0.36982,0.43339,0.17546,0.19308,0.19754,0.33675,0.30218,0.57454,0.488,0.26161,0.39652,0.21201,0.44706,0.4136,0.40981,0.4482,0.01921,0.072468,-0.02211,0.065042,0.0058709,-0.043718,0.17621,0.044949,0.018931,0.013692,0.20589,-0.095874,0.11199,0.19537,-0.0009397,0.38698,0.059681,-0.097431,0.18841,0.18768,0.044803,0.23715,0.011676,-0.0427,-0.11564,-0.17023,-0.090839,-0.20914,0.0030758,0.024235,0.076986,0.0051273,-0.083361,-0.0034878,0.063179,-0.13108,-0.17793,-0.14671,-0.14679,-0.025431,-0.16307,-0.0068674
0.21821,0.33612,0.27749,0.29832,0.084248,0.13479,0.24831,0.32952,0.28843,0.38951,0.27969,0.32268,0.37824,0.31962,0.37265,0.54671,0.43757,0.69536,0.42411,1,0.63477,0.34654,0.31545,0.37247,0.24157,0.33438,0.34131,0.18678,0.3696,0.39414,0.12224,0.089758,0.048477,0.27505,0.24725,0.090889,0.17149,0.16864,0.16499,0.30555,0.10061,0.11154,0.14246,0.43408,0.32659,0.075113,0.28813,0.10568,0.37484,0.23771,0.31397,0.45043,0.30483,0.40266,-0.028274,0.038447,0.031321,-0.030912,0.049378,0.13319,-0.057688,-0.016872,-0.034465,-0.021529,-0.020051,-0.13175,0.10582,0.067677,-0.013553,0.074937,0.11447,0.18851,0.098575,0.041776,-0.026989,0.1191,-0.012595,0.16436,0.033844,-0.047751,-0.024241,-0.071326,0.090793,0.030653,-0.053457,0.040658,-0.051741,0.12312,-0.0085126,0.22547,-0.0025631,-0.011735,-0.034468,0.025442,0.14792,0.08039,-0.0035464,0.0053256,0.07752,0.035697,0.069105,0.1121,0.32108,0.34626,0.29174,0.20039,0.12845,0.19372,0.43659,0.37904,0.26663,0.37008,0.39065,0.3388,0.13189,0.48924,0.44476,0.46017,0.40472,0.59459,0.61848,0.82627,0.25913,0.32011,0.6193,0.31318,0.28228,0.26118,0.31901,0.30221,0.24265,0.37322,0.29255,0.37679,0.15466,0.23333,0.34605,0.045161,0.21168,0.062223,0.096749,0.20846,0.17803,0.27097,0.084992,0.088851,0.092201,0.17037,0.2108,0.30969,0.33065,0.2527,0.31012,0.073786,0.37195,0.3642,0.29843,0.40825,0.0023377,0.056895,0.028017,0.07382,-0.00074245,0.030433,0.0184,-0.027648,0.0024247,0.029879,0.12424,-0.040656,0.033756,0.050721,-0.030849,0.19704,0.048177,-0.043734,0.11383,0.1401,0.020648,0.18606,0.026456,0.022784,-0.031297,-0.044963,0.011879,-0.067793,0.14616,0.036163,0.10471,-0.061737,0.048534,0.056124,0.068668,0.012368,-0.028881,0.022549,0.01965,0.078134,0.013823,0.085323
0.32462,0.43455,0.36613,0.43116,0.1195,0.14558,0.25222,0.36471,0.30713,0.53851,0.39386,0.42988,0.49474,0.45779,0.31354,0.4446,0.37011,0.69024,0.44927,0.63477,1,0.36268,0.20574,0.22591,0.20566,0.25545,0.31094,0.13476,0.21532,0.33884,0.16378,0.25461,0.1986,0.29188,0.23305,0.18638,0.25873,0.28375,0.26389,0.31136,0.22032,0.17256,0.23583,0.53729,0.46416,0.29652,0.38931,0.24987,0.42855,0.39987,0.43248,0.50352,0.41469,0.43355,0.010416,0.011504,-0.0037337,0.026708,0.0096861,0.13893,-0.0039662,0.09726,0.088916,-0.043416,0.086754,-0.023407,0.16777,0.23136,0.085602,0.25146,0.25386,0.25029,0.12149,-0.034014,-0.091747,0.029501,-0.002948,0.27401,0.085952,-0.01316,0.048363,-0.15583,0.13308,-0.042778,-0.034531,0.037349,-0.002545,0.056634,-0.11274,0.24521,-0.071375,0.009028,-0.041061,-0.03834,0.14693,0.061982,-0.10787,-0.012345,0.025772,0.049778,0.082412,0.15913,0.4341,0.45611,0.30973,0.23859,0.16934,0.22694,0.55239,0.49341,0.38719,0.45391,0.50097,0.46128,0.25701,0.40936,0.35994,0.36687,0.32837,0.62169,0.50895,0.5849,0.30652,0.20964,0.62779,0.19862,0.13712,0.21382,0.16523,0.24727,0.19733,0.21527,0.12554,0.2741,0.1912,0.28134,0.30884,0.141,0.18522,0.16087,0.1755,0.27826,0.27739,0.22046,0.16656,0.12805,0.20514,0.284,0.31897,0.46057,0.44682,0.25587,0.34898,0.18978,0.47129,0.4332,0.39194,0.52101,0.025197,0.074119,0.012113,0.090041,0.043645,-0.015939,0.16805,0.067062,0.081167,0.075336,0.19383,-0.013923,0.12784,0.17094,0.056327,0.35072,0.090986,0.006918,0.23738,0.20112,0.047001,0.2445,0.095595,0.015659,-0.035244,-0.050865,-0.038636,-0.13369,0.088644,0.057284,0.081559,0.033004,-0.052073,0.0042012,0.031196,-0.08049,-0.077224,-0.055834,-0.055276,0.042467,-0.093086,0.048662
0.21281,0.24385,0.23055,0.26882,-0.063344,0.077414,0.14934,0.29393,0.14109,0.33094,0.26306,0.25307,0.37101,0.31864,0.30275,0.39614,0.34936,0.407,0.38638,0.34654,0.36268,1,0.27754,0.30669,0.2645,0.28735,0.27817,0.19965,0.30514,0.25845,0.056214,0.19677,0.086489,0.25342,0.2324,0.12137,0.23175,0.20591,0.23358,0.33925,0.14031,0.12073,0.1309,0.31226,0.33208,0.18486,0.33643,0.15095,0.31063,0.21437,0.31212,0.42361,0.39917,0.31458,0.0034635,0.0065036,-0.0095316,-0.0088735,0.013137,0.11001,-0.071278,-0.046004,-0.0036934,-0.13739,0.049159,-0.16918,0.12922,0.11397,-0.080853,0.038218,0.11257,0.19577,0.09403,-0.061946,-0.15265,-0.062803,-0.10905,0.11059,-0.070475,-0.073114,-0.031517,-0.25287,0.11699,-0.020491,-0.074993,-0.013486,-0.052591,0.094197,-0.094492,0.21876,-0.12711,-0.073414,-0.14601,-0.077131,0.027526,-0.042429,-0.16438,-0.018091,-0.042396,-0.020155,0.076629,0.075442,0.28698,0.30258,0.23264,0.079132,0.094195,0.046027,0.38319,0.3362,0.28705,0.3397,0.3366,0.36024,0.17142,0.38767,0.35084,0.30117,0.34316,0.35473,0.38622,0.33969,0.25561,0.28542,0.34416,0.23844,0.1876,0.23402,0.22266,0.23777,0.20416,0.2532,0.21069,0.20887,0.15569,0.28597,0.27069,0.1214,0.23257,0.11598,0.15524,0.27305,0.26032,0.28384,0.15473,0.13311,0.15055,0.27564,0.25983,0.40798,0.35346,0.24171,0.34452,0.12477,0.34012,0.33412,0.37282,0.34959,0.069248,0.063707,-0.0037603,0.07163,0.051619,-0.042635,0.14298,0.0039922,0.012262,0.012419,0.16581,-0.048779,0.058252,0.15591,-0.025242,0.3062,0.048425,-0.10294,0.15137,0.17788,0.054041,0.22218,0.0079101,-0.057543,-0.078059,-0.15433,-0.022164,-0.14244,0.059382,0.0089115,0.087711,0.052019,-0.048339,0.076832,0.045472,-0.053412,-0.098389,-0.11594,-0.08444,-0.025748,-0.10089,-0.0044167
0.15214,0.1985,0.29005,0.19008,0.055191,0.10075,0.21332,0.31285,0.19415,0.24713,0.17721,0.13069,0.23281,0.21168,0.28819,0.42489,0.30015,0.24397,0.48048,0.31545,0.20574,0.27754,1,0.67692,0.52985,0.56022,0.40678,0.39267,0.36022,0.18112,0.14875,0.18078,0.1378,0.53269,0.6993,0.32268,0.37209,0.36613,0.19806,0.45413,0.31277,0.2093,0.2523,0.21635,0.22415,-0.023299,0.15672,0.088909,0.20917,0.14038,0.19937,0.28264,0.23487,0.34474,-0.03449,0.056047,0.037003,-0.015307,0.026156,0.093452,0.025571,0.032991,0.050942,0.0085296,-0.066476,-0.073841,0.11086,-0.023325,0.040286,0.12553,0.064765,0.13671,0.07924,0.06791,7.8785e-07,0.14849,0.063787,0.12679,0.058121,0.026023,0.020151,0.015256,0.064395,0.048696,0.010928,0.032833,0.013088,0.088213,0.032641,0.14186,0.021174,0.025826,0.03535,0.080967,0.16865,0.081912,0.038838,0.055039,0.1021,0.023892,0.055147,0.041853,0.20854,0.23449,0.20629,0.16031,0.065091,0.11307,0.25907,0.24035,0.11757,0.20367,0.22545,0.18092,0.095717,0.3892,0.37986,0.23758,0.3483,0.16726,0.36871,0.29537,0.17657,0.72768,0.18655,0.3351,0.34495,0.47484,0.4569,0.35031,0.33071,0.33769,0.28614,0.22022,0.18081,0.25764,0.4644,0.21038,0.60895,0.13751,0.33846,0.31274,0.17094,0.42328,0.18807,0.16203,0.16935,0.138,0.15755,0.216,0.32017,0.13632,0.15725,0.074571,0.15304,0.19351,0.18374,0.22341,-0.010971,0.029529,0.048094,0.034517,0.0027746,0.004177,0.017559,0.08078,0.0741,0.089589,0.094019,0.01448,0.060963,0.06964,0.037725,0.14267,0.065504,0.036976,0.058531,0.09192,0.0060753,0.14369,0.020421,0.051282,0.0012511,0.0045124,0.057615,-0.016841,0.15934,0.088852,0.10931,-0.042112,0.046662,0.060816,0.067009,0.04552,-0.010954,0.073757,0.066453,0.071153,0.0084514,0.08003
