1,0.3016,0.33964,0.1455,0.27946,0.34578,0.28444,0.27003,0.28626,0.28419,0.2524,0.21948,0.22534,0.23967,0.24945,0.34688,0.20811,0.32436,0.2157,0.35641,0.22346,0.20304,0.27892,0.15412,0.21166,0.12887,0.13015,0.22023,0.28356,0.13699,0.1427,0.26395,0.21422,0.21299,0.24539,0.23711,0.13653,0.26091,0.19064,0.24987,0.32086,0.14687,0.16128,0.29553,0.1956,0.21027,0.17765,0.34702,0.46455,0.32671,0.42514,0.33156,0.28272,0.20519,0.27989,0.34283,0.26679,0.2551,0.28062,0.24736,0.19752,0.21818,0.20792,0.2315,0.22786,0.23994,0.4261,0.20951,0.19987,0.29542,0.27126,0.19929,0.24761,0.26927,0.16666,0.15528,0.24944,0.17094,0.13464,0.24833,0.080262,0.24562,0.13495,0.1754,0.10649,0.19889,0.13144,0.18264,0.31775,0.25755,0.2574,0.2627,0.21029,0.20185,0.12884,0.29592,0.18193,0.33378,0.45999,0.29784
0.3016,1,0.7242,0.49632,0.69764,0.64145,0.6703,0.81582,0.71342,0.50386,0.44631,0.46405,0.42331,0.48959,0.46724,0.62981,0.38554,0.58036,0.40821,0.40251,0.42936,0.36211,0.41661,0.36593,0.37117,0.32833,0.32146,0.37148,0.4432,0.36396,0.15225,0.25567,0.19698,0.28941,0.31939,0.2655,0.21088,0.29269,0.34156,0.46536,0.24634,0.23817,0.25909,0.19622,0.24861,0.20027,0.22105,0.19632,0.33984,0.24744,0.38153,0.79607,0.66984,0.59289,0.68674,0.6559,0.76212,0.73815,0.50544,0.44228,0.4424,0.39163,0.50255,0.44886,0.47624,0.44882,0.52159,0.42597,0.43092,0.59422,0.45308,0.42871,0.44499,0.47389,0.41408,0.39643,0.44069,0.42346,0.16014,0.275,0.21749,0.19048,0.2197,0.32488,0.30257,0.2541,0.1997,0.29624,0.35553,0.21389,0.22273,0.32846,0.39513,0.2429,0.27707,0.18956,0.19369,0.21906,0.34225,0.20265
0.33964,0.7242,1,0.25239,0.59857,0.74783,0.6093,0.73987,0.79741,0.49485,0.44701,0.46859,0.41023,0.47001,0.45265,0.5192,0.3738,0.53147,0.37638,0.43733,0.43516,0.33007,0.42156,0.37991,0.37421,0.34179,0.32846,0.37459,0.47285,0.36335,0.13215,0.22637,0.15293,0.25555,0.29059,0.27851,0.19579,0.24653,0.29291,0.44377,0.20511,0.22232,0.20125,0.17248,0.208,0.14709,0.16722,0.17791,0.37414,0.21181,0.37347,0.76029,0.55372,0.39899,0.73429,0.75512,0.6664,0.77576,0.49826,0.44137,0.44522,0.37869,0.51092,0.42289,0.46243,0.43158,0.50715,0.39057,0.37523,0.53337,0.47658,0.38607,0.44197,0.45896,0.42389,0.39938,0.46603,0.43211,0.1345,0.2425,0.1904,0.14781,0.16608,0.28611,0.30262,0.20105,0.18489,0.28322,0.36027,0.17371,0.16181,0.3053,0.36314,0.20769,0.23182,0.16225,0.13598,0.19736,0.37246,0.16923
0.1455,0.49632,0.25239,1,0.527,0.31427,0.35338,0.46121,0.29177,0.29747,0.25472,0.23648,0.20598,0.23016,0.25323,0.40148,0.16112,0.3342,0.17849,0.22784,0.20681,0.22063,0.18474,0.23991,0.24592,0.20662,0.27308,0.27743,0.26424,0.20558,0.12985,0.15465,0.19173,0.24364,0.2563,0.27477,0.25182,0.17759,0.22619,0.26722,0.23386,0.1876,0.23409,0.19261,0.27211,0.20487,0.22654,0.17732,0.2106,0.24701,0.18173,0.32653,0.42877,0.83693,0.37559,0.26702,0.46186,0.33679,0.29731,0.23584,0.22809,0.18291,0.25274,0.20663,0.21664,0.24007,0.26751,0.1823,0.28422,0.35347,0.22504,0.27481,0.20036,0.26893,0.23862,0.26782,0.26686,0.24903,0.13865,0.16566,0.24209,0.22279,0.25861,0.28194,0.26946,0.26221,0.25157,0.27219,0.31149,0.2082,0.21481,0.17053,0.23879,0.21611,0.25083,0.19324,0.21445,0.19156,0.20498,0.23078
0.27946,0.69764,0.59857,0.527,1,0.70203,0.45155,0.62538,0.63154,0.43158,0.39643,0.37405,0.33729,0.36305,0.37808,0.45081,0.2986,0.45971,0.29332,0.41405,0.34962,0.34101,0.36196,0.3361,0.33023,0.3014,0.33593,0.41094,0.41529,0.30492,0.17451,0.19922,0.23078,0.35567,0.37733,0.36984,0.28229,0.21693,0.28558,0.36208,0.30585,0.25542,0.27745,0.25314,0.31404,0.24462,0.27836,0.27096,0.3984,0.31752,0.29688,0.59547,0.43992,0.654,0.80377,0.61028,0.54684,0.63927,0.43853,0.37993,0.34838,0.31382,0.37237,0.3198,0.34966,0.35631,0.42606,0.28884,0.36753,0.45591,0.39551,0.36266,0.35521,0.36696,0.34367,0.35725,0.40267,0.36353,0.16833,0.21289,0.2808,0.29059,0.2738,0.35672,0.31562,0.32599,0.2756,0.3751,0.43023,0.2544,0.25825,0.22662,0.31113,0.28266,0.28392,0.24594,0.23383,0.28392,0.38664,0.27786
0.34578,0.64145,0.74783,0.31427,0.70203,1,0.52619,0.64788,0.80289,0.51198,0.48171,0.48105,0.41484,0.45624,0.46272,0.45932,0.35382,0.48475,0.34356,0.47712,0.43364,0.33402,0.41911,0.39304,0.39276,0.36667,0.36655,0.45262,0.51046,0.3812,0.15872,0.22075,0.18268,0.29999,0.33302,0.37104,0.26531,0.24769,0.29691,0.4226,0.27976,0.26907,0.22565,0.25791,0.27066,0.20412,0.22242,0.2509,0.49274,0.30704,0.3581,0.66455,0.4734,0.4643,0.83677,0.81348,0.57056,0.74994,0.52373,0.46873,0.45666,0.38383,0.50769,0.40095,0.44057,0.43761,0.49606,0.35289,0.36089,0.48089,0.48099,0.37558,0.4235,0.44631,0.4254,0.42402,0.49605,0.4594,0.15283,0.23866,0.23658,0.2297,0.21171,0.31111,0.33605,0.26691,0.25443,0.36977,0.44444,0.24033,0.21002,0.28974,0.3583,0.26349,0.25895,0.24628,0.18947,0.26941,0.45982,0.26387
0.28444,0.6703,0.6093,0.35338,0.45155,0.52619,1,0.74385,0.6584,0.5364,0.45828,0.53018,0.4534,0.53827,0.51502,0.6939,0.49977,0.62232,0.49659,0.47456,0.53976,0.39211,0.49732,0.48028,0.41803,0.36613,0.3467,0.3645,0.49914,0.40115,0.14338,0.27352,0.18621,0.26681,0.30075,0.22404,0.17759,0.29436,0.32583,0.60104,0.23427,0.20797,0.21143,0.16961,0.20458,0.15843,0.16683,0.17726,0.2961,0.22404,0.36993,0.66485,0.76323,0.44251,0.51456,0.57684,0.703,0.66975,0.5206,0.45947,0.48661,0.41452,0.5304,0.48192,0.54864,0.48866,0.68561,0.51016,0.46277,0.61278,0.5559,0.47041,0.5169,0.57977,0.52992,0.43485,0.48194,0.46859,0.14734,0.29909,0.18662,0.11708,0.15538,0.30551,0.30672,0.19121,0.16178,0.24836,0.33583,0.18627,0.17174,0.36241,0.41508,0.19856,0.25077,0.15902,0.15234,0.18734,0.30211,0.17638
0.27003,0.81582,0.73987,0.46121,0.62538,0.64788,0.74385,1,0.79849,0.47191,0.4139,0.43711,0.38773,0.48279,0.4548,0.65695,0.38081,0.69809,0.41018,0.43505,0.46713,0.3397,0.43292,0.37689,0.37545,0.33694,0.34139,0.354,0.47178,0.35935,0.13331,0.22137,0.13681,0.25535,0.26757,0.25445,0.19745,0.21342,0.26074,0.44061,0.14126,0.19887,0.18143,0.13448,0.19295,0.10662,0.12641,0.10623,0.27652,0.16513,0.35428,0.80137,0.72472,0.57004,0.69268,0.67841,0.90789,0.84767,0.47473,0.40616,0.42157,0.34876,0.52809,0.43166,0.49165,0.43302,0.53012,0.42399,0.47898,0.71448,0.50616,0.44146,0.47904,0.45592,0.44411,0.41847,0.47497,0.44312,0.13918,0.23262,0.1994,0.10332,0.16691,0.31616,0.32402,0.17458,0.19005,0.27065,0.34464,0.11968,0.13861,0.27813,0.33446,0.1881,0.23133,0.12275,0.10642,0.1353,0.28657,0.12588
0.28626,0.71342,0.79741,0.29177,0.63154,0.80289,0.6584,0.79849,1,0.52875,0.4823,0.5187,0.44384,0.52169,0.50945,0.50662,0.38029,0.53982,0.38201,0.48578,0.49679,0.31676,0.43189,0.43039,0.41236,0.38555,0.39057,0.41994,0.53708,0.40929,0.13365,0.21019,0.13173,0.26406,0.28647,0.37734,0.25886,0.22141,0.28517,0.46854,0.18803,0.22628,0.16848,0.17102,0.22838,0.11713,0.14406,0.15323,0.38729,0.23116,0.33761,0.75187,0.57354,0.44484,0.80039,0.81754,0.70036,0.90512,0.54012,0.47817,0.50057,0.40804,0.58152,0.46195,0.51825,0.48411,0.5213,0.3981,0.38373,0.55178,0.5432,0.38722,0.45963,0.48785,0.48062,0.45687,0.53354,0.49374,0.13097,0.22699,0.21601,0.14111,0.17101,0.29476,0.36165,0.18628,0.2452,0.3147,0.43317,0.15576,0.13028,0.30258,0.37492,0.19827,0.22182,0.15715,0.10726,0.17419,0.38011,0.18751
0.28419,0.50386,0.49485,0.29747,0.43158,0.51198,0.5364,0.47191,0.52875,1,0.66014,0.68616,0.58497,0.591,0.61377,0.47187,0.46204,0.41947,0.43918,0.38804,0.49544,0.40493,0.4421,0.51109,0.56287,0.44785,0.35128,0.47239,0.50739,0.45396,0.17853,0.27877,0.23505,0.29778,0.36701,0.26374,0.25967,0.3443,0.39599,0.56814,0.27614,0.29071,0.2859,0.26458,0.27973,0.22875,0.24095,0.25421,0.34965,0.27845,0.32852,0.50551,0.49162,0.37482,0.47684,0.53526,0.42614,0.5032,0.81575,0.61718,0.62394,0.54213,0.58838,0.53255,0.5305,0.58193,0.47389,0.45916,0.36818,0.41024,0.46481,0.44221,0.44376,0.53819,0.53479,0.5245,0.50139,0.51706,0.17931,0.28601,0.25831,0.22949,0.24781,0.34915,0.32495,0.27902,0.24679,0.38086,0.35633,0.23666,0.24893,0.41665,0.50355,0.29829,0.30532,0.25947,0.219,0.26713,0.34487,0.24113
0.2524,0.44631,0.44701,0.25472,0.39643,0.48171,0.45828,0.4139,0.4823,0.66014,1,0.68549,0.5816,0.5865,0.61303,0.39827,0.43786,0.36205,0.42114,0.34625,0.50054,0.34407,0.39863,0.44753,0.49547,0.43232,0.3105,0.44902,0.48087,0.44668,0.15863,0.24966,0.18555,0.24262,0.30252,0.23678,0.22748,0.2896,0.32594,0.44628,0.24072,0.26564,0.25306,0.24477,0.23265,0.21264,0.20862,0.20919,0.32204,0.25447,0.28826,0.45121,0.42248,0.33254,0.44955,0.49941,0.37417,0.46004,0.66019,0.63429,0.61705,0.55247,0.5606,0.51445,0.52208,0.58223,0.40442,0.44325,0.3078,0.35387,0.45152,0.35758,0.40016,0.42615,0.49485,0.47872,0.47214,0.49996,0.1547,0.2547,0.18647,0.17383,0.18051,0.27127,0.26685,0.21258,0.20835,0.32653,0.30304,0.19928,0.19315,0.33421,0.38898,0.25343,0.25562,0.2284,0.18396,0.2073,0.31555,0.21345
0.21948,0.46405,0.46859,0.23648,0.37405,0.48105,0.53018,0.43711,0.5187,0.68616,0.68549,1,0.6792,0.65452,0.64471,0.44736,0.62821,0.40759,0.5355,0.38236,0.6021,0.46311,0.50907,0.62281,0.57068,0.59219,0.41146,0.50656,0.54601,0.59559,0.15079,0.24303,0.16247,0.25676,0.3446,0.2168,0.21723,0.25474,0.30953,0.52468,0.16011,0.26178,0.24046,0.16045,0.19888,0.13462,0.15292,0.14979,0.25855,0.16273,0.26809,0.47137,0.46012,0.31431,0.44698,0.51128,0.38761,0.49545,0.6828,0.6803,0.79308,0.62883,0.65673,0.54371,0.59613,0.60108,0.44424,0.56415,0.36876,0.38522,0.53698,0.46616,0.51579,0.48951,0.68744,0.61432,0.54765,0.64767,0.1438,0.2391,0.21041,0.1033,0.1498,0.31975,0.34997,0.1686,0.19732,0.33161,0.27779,0.1184,0.12225,0.33879,0.40934,0.2208,0.26075,0.14232,0.10878,0.14747,0.25992,0.1222
0.22534,0.42331,0.41023,0.20598,0.33729,0.41484,0.4534,0.38773,0.44384,0.58497,0.5816,0.6792,1,0.63981,0.62978,0.38708,0.44787,0.34772,0.42775,0.28644,0.44708,0.36949,0.39423,0.35496,0.38185,0.35167,0.2392,0.35905,0.37442,0.47436,0.13327,0.25314,0.18437,0.21643,0.27492,0.12853,0.1287,0.32132,0.36217,0.44943,0.2403,0.22426,0.26982,0.20177,0.1928,0.22955,0.22825,0.21205,0.27961,0.22942,0.27653,0.42813,0.42838,0.28342,0.37864,0.45134,0.35188,0.41951,0.57803,0.59931,0.66239,0.90133,0.67398,0.58958,0.52393,0.62111,0.3915,0.47956,0.2799,0.33929,0.38981,0.34745,0.38975,0.41202,0.39004,0.37563,0.36542,0.45381,0.12617,0.25782,0.11553,0.15559,0.1388,0.20419,0.17949,0.18926,0.10805,0.2254,0.21107,0.18912,0.18981,0.34881,0.41289,0.20367,0.22877,0.18014,0.17996,0.20075,0.27545,0.17815
0.23967,0.48959,0.47001,0.23016,0.36305,0.45624,0.53827,0.48279,0.52169,0.591,0.5865,0.65452,0.63981,1,0.7353,0.45224,0.52371,0.43621,0.64353,0.33747,0.61467,0.35124,0.48421,0.34946,0.38801,0.32965,0.25596,0.36637,0.42724,0.49056,0.14119,0.26687,0.17999,0.22073,0.25864,0.1425,0.14573,0.3367,0.36275,0.45963,0.23752,0.20886,0.24081,0.22261,0.19761,0.21968,0.20272,0.21231,0.3033,0.25048,0.30284,0.49517,0.51496,0.32052,0.42346,0.50859,0.43543,0.50597,0.59273,0.58586,0.58024,0.60203,0.61958,0.75178,0.67277,0.69983,0.43692,0.61825,0.33105,0.422,0.48192,0.35027,0.46781,0.43484,0.41479,0.36854,0.40965,0.46691,0.13475,0.28036,0.1015,0.14637,0.13594,0.20304,0.19367,0.17185,0.12381,0.22309,0.23204,0.18832,0.19564,0.37212,0.42052,0.19756,0.20638,0.19648,0.17035,0.20127,0.29619,0.19613
0.24945,0.46724,0.45265,0.25323,0.37808,0.46272,0.51502,0.4548,0.50945,0.61377,0.61303,0.64471,0.62978,0.7353,1,0.4324,0.45179,0.4133,0.48864,0.38091,0.62473,0.3527,0.47091,0.40939,0.42223,0.36606,0.29436,0.42552,0.51183,0.52335,0.15087,0.25961,0.18538,0.23468,0.28135,0.18181,0.18073,0.3137,0.34719,0.46718,0.24641,0.22976,0.25027,0.23393,0.21678,0.22624,0.20929,0.223,0.31936,0.2616,0.30394,0.47094,0.48879,0.33758,0.42713,0.5061,0.41496,0.48968,0.63635,0.61563,0.59769,0.60201,0.62391,0.66963,0.65076,0.83668,0.44689,0.51353,0.32134,0.40656,0.53865,0.36165,0.47399,0.44735,0.46542,0.41981,0.47948,0.52522,0.14409,0.27591,0.13808,0.15635,0.15323,0.23454,0.23461,0.18539,0.15575,0.26701,0.26874,0.19187,0.19672,0.36321,0.41653,0.21862,0.23001,0.20925,0.17932,0.21017,0.31346,0.205
0.34688,0.62981,0.5192,0.40148,0.45081,0.45932,0.6939,0.65695,0.50662,0.47187,0.39827,0.44736,0.38708,0.45224,0.4324,1,0.58458,0.76827,0.54537,0.49479,0.47239,0.57478,0.55591,0.47409,0.40066,0.37182,0.34205,0.39181,0.45577,0.35885,0.19542,0.31877,0.34989,0.4987,0.50582,0.23313,0.182,0.26304,0.32314,0.54081,0.27426,0.21868,0.318,0.14598,0.24826,0.17737,0.23333,0.26397,0.28935,0.20069,0.42232,0.60406,0.77275,0.46207,0.45031,0.4832,0.66083,0.52329,0.45493,0.39786,0.39864,0.35085,0.43248,0.41502,0.46777,0.41018,0.63203,0.53125,0.62611,0.72093,0.50728,0.57411,0.54683,0.48904,0.49051,0.41604,0.43239,0.42297,0.18491,0.31497,0.26938,0.22183,0.2085,0.46314,0.29833,0.26559,0.16134,0.29091,0.32991,0.17311,0.27593,0.31721,0.35664,0.24686,0.27779,0.12464,0.14608,0.23661,0.2966,0.14106
0.20811,0.38554,0.3738,0.16112,0.2986,0.35382,0.49977,0.38081,0.38029,0.46204,0.43786,0.62821,0.44787,0.52371,0.45179,0.58458,1,0.6072,0.72702,0.46155,0.58755,0.59396,0.63622,0.60085,0.43887,0.48747,0.37722,0.40863,0.46227,0.46305,0.14493,0.20463,0.18654,0.41678,0.44228,0.14994,0.13018,0.13231,0.19247,0.4374,0.11253,0.17579,0.20145,0.045903,0.14914,0.0639,0.11265,0.16362,0.17467,0.051046,0.2499,0.38557,0.49286,0.23086,0.33404,0.37942,0.3538,0.36592,0.45043,0.46009,0.54149,0.40529,0.43106,0.43636,0.52212,0.41869,0.47442,0.69501,0.56321,0.52749,0.55521,0.54139,0.6027,0.38321,0.6504,0.48823,0.44494,0.50268,0.12531,0.19978,0.23618,0.083974,0.11339,0.40645,0.31649,0.14594,0.10551,0.25771,0.2142,0.043016,0.10483,0.22599,0.2708,0.16233,0.19751,0.024945,0.039459,0.14078,0.18589,0.0083432
0.32436,0.58036,0.53147,0.3342,0.45971,0.48475,0.62232,0.69809,0.53982,0.41947,0.36205,0.40759,0.34772,0.43621,0.4133,0.76827,0.6072,1,0.58607,0.63558,0.54346,0.59588,0.67742,0.47197,0.3656,0.38677,0.39742,0.40934,0.49453,0.37234,0.16761,0.2215,0.27999,0.60097,0.53093,0.32207,0.20693,0.127,0.20811,0.44418,0.21468,0.17827,0.22997,0.075998,0.25695,0.081239,0.18254,0.26686,0.28653,0.149,0.37895,0.57752,0.67535,0.41727,0.48329,0.50503,0.68883,0.55892,0.41629,0.35927,0.36326,0.31461,0.41776,0.38379,0.47598,0.38484,0.61912,0.54249,0.73967,0.87713,0.60387,0.60111,0.65163,0.42301,0.49923,0.42204,0.47128,0.44106,0.15588,0.21552,0.33114,0.26311,0.23424,0.50791,0.37001,0.27529,0.19365,0.32348,0.42636,0.11756,0.23744,0.21964,0.26536,0.20257,0.21293,0.061657,0.063766,0.26787,0.31231,0.099179
0.2157,0.40821,0.37638,0.17849,0.29332,0.34356,0.49659,0.41018,0.38201,0.43918,0.42114,0.5355,0.42775,0.64353,0.48864,0.54537,0.72702,0.58607,1,0.39901,0.61638,0.4481,0.57404,0.38854,0.33294,0.33003,0.28028,0.33192,0.37327,0.40983,0.12962,0.22878,0.18235,0.35016,0.32727,0.13418,0.11572,0.23661,0.26749,0.39091,0.18619,0.16775,0.20161,0.13259,0.17641,0.14713,0.16306,0.19603,0.2248,0.16325,0.27,0.40555,0.5219,0.24876,0.32096,0.38066,0.38952,0.37397,0.43075,0.44097,0.45092,0.39772,0.39651,0.53691,0.58618,0.45717,0.43879,0.74055,0.50231,0.52806,0.51294,0.41853,0.54572,0.35556,0.4619,0.34142,0.35331,0.40047,0.11975,0.2343,0.15092,0.14457,0.13075,0.28319,0.22129,0.16655,0.096351,0.20852,0.21441,0.13085,0.17293,0.277,0.31301,0.16118,0.17012,0.11152,0.11153,0.18577,0.22686,0.11608
0.35641,0.40251,0.43733,0.22784,0.41405,0.47712,0.47456,0.43505,0.48578,0.38804,0.34625,0.38236,0.28644,0.33747,0.38091,0.49479,0.46155,0.63558,0.39901,1,0.55259,0.39488,0.62176,0.52726,0.37585,0.37346,0.54023,0.45211,0.61254,0.33632,0.13822,0.16917,0.22662,0.46632,0.44506,0.47634,0.28645,0.10851,0.15266,0.4201,0.32426,0.18269,0.12917,0.17019,0.33677,0.11934,0.19344,0.40361,0.42167,0.28755,0.34767,0.41556,0.41307,0.31258,0.44656,0.4705,0.39879,0.46707,0.39206,0.34152,0.33565,0.26719,0.32875,0.2847,0.39829,0.34352,0.63961,0.35212,0.48327,0.57504,0.69881,0.40596,0.55817,0.45461,0.49597,0.40673,0.55934,0.43192,0.12393,0.19852,0.37007,0.29221,0.25121,0.39459,0.49866,0.2979,0.27505,0.37114,0.60639,0.26718,0.20636,0.22077,0.26476,0.18751,0.19237,0.17894,0.13904,0.411,0.44077,0.2517
0.22346,0.42936,0.43516,0.20681,0.34962,0.43364,0.53976,0.46713,0.49679,0.49544,0.50054,0.6021,0.44708,0.61467,0.62473,0.47239,0.58755,0.54346,0.61638,0.55259,1,0.35082,0.57964,0.52066,0.42553,0.39875,0.39039,0.413,0.55817,0.47539,0.12266,0.20583,0.12661,0.26717,0.27504,0.22811,0.1876,0.1878,0.22039,0.41626,0.152,0.16907,0.13968,0.13207,0.17894,0.099799,0.10863,0.15726,0.25947,0.17234,0.26331,0.43487,0.48535,0.28901,0.40893,0.46524,0.42257,0.49047,0.51181,0.51039,0.52228,0.4168,0.47212,0.50166,0.66497,0.56892,0.48443,0.57788,0.42004,0.50965,0.74154,0.36689,0.57597,0.40406,0.59187,0.44522,0.5334,0.52137,0.11503,0.21515,0.1684,0.10609,0.12057,0.26357,0.32529,0.12871,0.17266,0.25529,0.31205,0.10856,0.1109,0.26275,0.30671,0.14668,0.16477,0.11671,0.081558,0.1628,0.26723,0.13386
0.20304,0.36211,0.33007,0.22063,0.34101,0.33402,0.39211,0.3397,0.31676,0.40493,0.34407,0.46311,0.36949,0.35124,0.3527,0.57478,0.59396,0.59588,0.4481,0.39488,0.35082,1,0.59605,0.58177,0.3854,0.52387,0.40166,0.47569,0.38392,0.48623,0.20482,0.22857,0.37611,0.65336,0.73662,0.17628,0.14406,0.14924,0.32651,0.52016,0.23299,0.29676,0.50716,0.020177,0.27198,0.20357,0.35048,0.2879,0.14272,0.049333,0.23506,0.34598,0.4227,0.27497,0.32762,0.3281,0.32538,0.31043,0.39067,0.34538,0.39451,0.32339,0.37076,0.316,0.34207,0.33165,0.41747,0.42988,0.58586,0.50407,0.37528,0.67546,0.52686,0.39243,0.49114,0.46208,0.35276,0.46117,0.15524,0.1812,0.36633,0.21762,0.21603,0.55454,0.30928,0.31782,0.10096,0.34246,0.21295,0.060932,0.21797,0.2172,0.30957,0.25937,0.35439,-0.031969,0.098132,0.18912,0.1472,-0.035236
0.27892,0.41661,0.42156,0.18474,0.36196,0.41911,0.49732,0.43292,0.43189,0.4421,0.39863,0.50907,0.39423,0.48421,0.47091,0.55591,0.63622,0.67742,0.57404,0.62176,0.57964,0.59605,1,0.56287,0.39963,0.4829,0.50636,0.49516,0.53485,0.53142,0.14166,0.18906,0.2137,0.46987,0.49582,0.25822,0.17498,0.11416,0.17895,0.44447,0.1785,0.20194,0.19984,0.091099,0.24861,0.099548,0.18418,0.3212,0.26331,0.10399,0.30707,0.42264,0.46802,0.26407,0.39729,0.43268,0.40174,0.41424,0.43522,0.40411,0.44118,0.35547,0.43149,0.40123,0.48287,0.42722,0.54846,0.52871,0.56379,0.59827,0.61126,0.55725,0.72188,0.4218,0.56151,0.4729,0.50107,0.55295,0.11621,0.18766,0.29057,0.16447,0.17654,0.42269,0.42915,0.23797,0.1532,0.34658,0.3515,0.10013,0.14327,0.22835,0.26611,0.18186,0.20874,0.073626,0.070738,0.29077,0.28503,0.059907
0.15412,0.36593,0.37991,0.23991,0.3361,0.39304,0.48028,0.37689,0.43039,0.51109,0.44753,0.62281,0.35496,0.34946,0.40939,0.47409,0.60085,0.47197,0.38854,0.52726,0.52066,0.58177,0.56287,1,0.57141,0.6559,0.62027,0.5445,0.63372,0.53999,0.15136,0.16208,0.20015,0.41251,0.49648,0.30681,0.27477,0.060427,0.22717,0.59224,0.13497,0.28923,0.29638,-0.0020896,0.21729,0.064046,0.16698,0.10319,0.11655,-0.0035551,0.17505,0.36602,0.38031,0.29177,0.39031,0.39533,0.33837,0.42546,0.50537,0.44331,0.5478,0.30491,0.45775,0.26292,0.40471,0.35947,0.47592,0.37314,0.46688,0.41166,0.5822,0.57736,0.54393,0.52551,0.79938,0.67697,0.61871,0.63978,0.12944,0.16734,0.44991,0.045725,0.17488,0.48514,0.55603,0.20864,0.24445,0.39573,0.33423,0.056192,0.039047,0.2095,0.34612,0.21933,0.3891,-0.015825,0.073761,0.081109,0.13703,-0.03397
0.21166,0.37117,0.37421,0.24592,0.33023,0.39276,0.41803,0.37545,0.41236,0.56287,0.49547,0.57068,0.38185,0.38801,0.42223,0.40066,0.43887,0.3656,0.33294,0.37585,0.42553,0.3854,0.39963,0.57141,1,0.522,0.41397,0.46235,0.50331,0.39687,0.16862,0.23238,0.16252,0.26345,0.35359,0.25578,0.24528,0.16432,0.20895,0.44104,0.11799,0.27733,0.21434,0.14417,0.19665,0.090692,0.11077,0.12516,0.21006,0.10874,0.23383,0.37344,0.36898,0.29783,0.37652,0.40064,0.33929,0.40709,0.55115,0.47627,0.51848,0.34234,0.43722,0.32115,0.38602,0.38417,0.3886,0.33849,0.33586,0.34141,0.44061,0.41827,0.40014,0.43358,0.57894,0.57635,0.50047,0.50982,0.15341,0.21542,0.27859,0.090088,0.15655,0.36029,0.37402,0.1697,0.23069,0.3585,0.30097,0.094421,0.099279,0.27347,0.32377,0.23701,0.27962,0.13453,0.10404,0.12322,0.21444,0.092068
0.12887,0.32833,0.34179,0.20662,0.3014,0.36667,0.36613,0.33694,0.38555,0.44785,0.43232,0.59219,0.35167,0.32965,0.36606,0.37182,0.48747,0.38677,0.33003,0.37346,0.39875,0.52387,0.4829,0.6559,0.522,1,0.56616,0.56749,0.5058,0.52963,0.13932,0.13394,0.13175,0.33652,0.44179,0.25849,0.2384,0.034586,0.15522,0.41518,0.029827,0.3337,0.23608,0.036487,0.21348,0.029944,0.10452,0.081863,0.10215,-0.029518,0.14944,0.32993,0.31988,0.25315,0.35925,0.36315,0.30065,0.37848,0.45241,0.42093,0.53339,0.30375,0.44133,0.24847,0.34089,0.32182,0.32433,0.33446,0.39762,0.34861,0.42695,0.51881,0.47547,0.39319,0.64038,0.66518,0.50708,0.62232,0.10921,0.10967,0.34194,0.033798,0.14391,0.42418,0.49514,0.16101,0.21381,0.42719,0.26313,-0.02017,0.0027169,0.16758,0.25833,0.22439,0.29966,0.0062074,0.012737,0.0663,0.11278,-0.057017
0.13015,0.32146,0.32846,0.27308,0.33593,0.36655,0.3467,0.34139,0.39057,0.35128,0.3105,0.41146,0.2392,0.25596,0.29436,0.34205,0.37722,0.39742,0.28028,0.54023,0.39039,0.40166,0.50636,0.62027,0.41397,0.56616,1,0.58343,0.54534,0.46718,0.1092,0.093289,0.14474,0.35636,0.44257,0.42275,0.3484,0.035848,0.17088,0.38566,0.15701,0.30227,0.19693,0.11299,0.43103,0.15958,0.22078,0.2453,0.15441,0.08146,0.13122,0.31351,0.29775,0.31607,0.37614,0.34403,0.30781,0.38806,0.35045,0.29754,0.36531,0.19293,0.33978,0.18567,0.28095,0.25063,0.3458,0.24786,0.36807,0.35814,0.47057,0.40231,0.45875,0.39029,0.53853,0.53872,0.53102,0.54338,0.066864,0.10044,0.43538,0.097506,0.24965,0.39662,0.72693,0.23929,0.31896,0.47744,0.4287,0.11274,0.020944,0.13339,0.26018,0.18539,0.28311,0.074537,0.13568,0.21204,0.16067,0.051619
0.22023,0.37148,0.37459,0.27743,0.41094,0.45262,0.3645,0.354,0.41994,0.47239,0.44902,0.50656,0.35905,0.36637,0.42552,0.39181,0.40863,0.40934,0.33192,0.45211,0.413,0.47569,0.49516,0.5445,0.46235,0.56749,0.58343,1,0.53368,0.53369,0.18508,0.18449,0.23357,0.40834,0.47692,0.38675,0.35474,0.1434,0.24956,0.40719,0.23167,0.35856,0.29481,0.26094,0.36221,0.24658,0.26058,0.29019,0.27821,0.20073,0.22967,0.36541,0.3512,0.34461,0.44121,0.42779,0.32456,0.40581,0.49347,0.44321,0.47111,0.32471,0.42649,0.30595,0.36432,0.38374,0.3712,0.32371,0.37987,0.3742,0.44434,0.44223,0.45343,0.39187,0.51437,0.56412,0.51776,0.59214,0.14192,0.18383,0.33886,0.18675,0.22836,0.40203,0.49419,0.2604,0.30804,0.53979,0.3919,0.14076,0.14556,0.22307,0.30781,0.29828,0.30573,0.20245,0.17019,0.23967,0.26646,0.14636
0.28356,0.4432,0.47285,0.26424,0.41529,0.51046,0.49914,0.47178,0.53708,0.50739,0.48087,0.54601,0.37442,0.42724,0.51183,0.45577,0.46227,0.49453,0.37327,0.61254,0.55817,0.38392,0.53485,0.63372,0.50331,0.5058,0.54534,0.53368,1,0.45165,0.15151,0.1817,0.16363,0.32514,0.36958,0.40939,0.34012,0.12249,0.18709,0.46293,0.19964,0.2486,0.16204,0.17407,0.26238,0.1059,0.13803,0.21905,0.32802,0.19652,0.29546,0.4607,0.42522,0.34356,0.48643,0.51729,0.43319,0.52328,0.52873,0.47143,0.4993,0.34191,0.47956,0.3523,0.46632,0.45212,0.53473,0.36474,0.40711,0.46699,0.63178,0.443,0.52907,0.49272,0.63078,0.56515,0.66286,0.58205,0.14124,0.20815,0.34236,0.14593,0.19576,0.3841,0.50419,0.21657,0.31395,0.41393,0.47613,0.16727,0.11592,0.25054,0.32122,0.22838,0.27637,0.17234,0.12842,0.22994,0.34085,0.17434
0.13699,0.36396,0.36335,0.20558,0.30492,0.3812,0.40115,0.35935,0.40929,0.45396,0.44668,0.59559,0.47436,0.49056,0.52335,0.35885,0.46305,0.37234,0.40983,0.33632,0.47539,0.48623,0.53142,0.53999,0.39687,0.52963,0.46718,0.53369,0.45165,1,0.11019,0.18661,0.11846,0.24285,0.31641,0.15967,0.16289,0.19359,0.29646,0.44916,0.11997,0.28104,0.27415,0.10631,0.18023,0.17946,0.19831,0.11905,0.15037,0.087343,0.18755,0.36725,0.36989,0.26683,0.36402,0.39459,0.33007,0.39572,0.46576,0.45834,0.54774,0.4251,0.53257,0.40495,0.44762,0.47653,0.33497,0.42234,0.33349,0.35052,0.44226,0.44579,0.50406,0.39756,0.52686,0.50552,0.44113,0.63707,0.090118,0.18504,0.18107,0.039553,0.09972,0.25744,0.35566,0.14413,0.13461,0.31395,0.19836,0.057985,0.056551,0.26827,0.34826,0.18591,0.27895,0.067056,0.10808,0.097064,0.15557,0.035414
0.1427,0.15225,0.13215,0.12985,0.17451,0.15872,0.14338,0.13331,0.13365,0.17853,0.15863,0.15079,0.13327,0.14119,0.15087,0.19542,0.14493,0.16761,0.12962,0.13822,0.12266,0.20482,0.14166,0.15136,0.16862,0.13932,0.1092,0.18508,0.15151,0.11019,1,0.16844,0.21668,0.21005,0.25926,0.14017,0.1331,0.16182,0.16583,0.1708,0.21493,0.18119,0.25276,0.22359,0.21368,0.20747,0.18487,0.18986,0.17073,0.18504,0.13851,0.14212,0.15716,0.15508,0.15005,0.14598,0.12829,0.12873,0.17996,0.15342,0.13761,0.12469,0.12756,0.13322,0.12956,0.14096,0.16464,0.12234,0.13852,0.14109,0.11851,0.15467,0.11807,0.13879,0.13008,0.14378,0.13246,0.12061,0.13288,0.14275,0.10032,0.14844,0.12722,0.17254,0.064832,0.13695,0.10336,0.15097,0.13161,0.12119,0.17398,0.12324,0.13282,0.19051,0.1496,0.17305,0.13454,0.12234,0.14623,0.13607
0.26395,0.25567,0.22637,0.15465,0.19922,0.22075,0.27352,0.22137,0.21019,0.27877,0.24966,0.24303,0.25314,0.26687,0.25961,0.31877,0.20463,0.2215,0.22878,0.16917,0.20583,0.22857,0.18906,0.16208,0.23238,0.13394,0.093289,0.18449,0.1817,0.18661,0.16844,1,0.26395,0.14717,0.20704,0.08807,0.082939,0.45681,0.3824,0.34078,0.32896,0.23167,0.33503,0.26978,0.17057,0.32842,0.26519,0.21948,0.24442,0.29442,0.27467,0.25911,0.29632,0.19164,0.18891,0.23411,0.223,0.19989,0.26695,0.24712,0.21505,0.23662,0.2172,0.25844,0.23461,0.2519,0.29663,0.23495,0.14502,0.20594,0.18449,0.18114,0.17001,0.28862,0.1456,0.14427,0.15768,0.1635,0.14648,0.36366,0.028749,0.14939,0.083427,0.098192,0.021799,0.15674,0.061337,0.11043,0.13516,0.2492,0.25406,0.36129,0.33462,0.20978,0.22966,0.24166,0.26296,0.1643,0.22739,0.24029
0.21422,0.19698,0.15293,0.19173,0.23078,0.18268,0.18621,0.13681,0.13173,0.23505,0.18555,0.16247,0.18437,0.17999,0.18538,0.34989,0.18654,0.27999,0.18235,0.22662,0.12661,0.37611,0.2137,0.20015,0.16252,0.13175,0.14474,0.23357,0.16363,0.11846,0.21668,0.26395,1,0.5263,0.50984,0.23254,0.19936,0.30627,0.3807,0.31533,0.54732,0.18732,0.49165,0.22084,0.40116,0.3919,0.47372,0.466,0.24074,0.33503,0.19981,0.17111,0.22294,0.21349,0.16856,0.1658,0.13334,0.12386,0.22499,0.17243,0.13492,0.16961,0.13811,0.17941,0.14885,0.17673,0.27839,0.15017,0.2676,0.22107,0.11826,0.24602,0.14859,0.21518,0.1044,0.12634,0.13453,0.10679,0.17595,0.23346,0.33197,0.45247,0.3494,0.33081,0.11935,0.38778,0.1669,0.23221,0.24717,0.34872,0.49854,0.18038,0.24931,0.25329,0.24488,0.18547,0.28792,0.33857,0.214,0.25104
0.21299,0.28941,0.25555,0.24364,0.35567,0.29999,0.26681,0.25535,0.26406,0.29778,0.24262,0.25676,0.21643,0.22073,0.23468,0.4987,0.41678,0.60097,0.35016,0.46632,0.26717,0.65336,0.46987,0.41251,0.26345,0.33652,0.35636,0.40834,0.32514,0.24285,0.21005,0.14717,0.5263,1,0.78908,0.48813,0.33165,0.051718,0.25593,0.36213,0.42421,0.19022,0.40858,0.042136,0.46015,0.17528,0.41959,0.44488,0.23954,0.22264,0.20786,0.25601,0.32034,0.2835,0.30715,0.27258,0.23395,0.26211,0.29794,0.23339,0.22081,0.19718,0.21061,0.20383,0.23623,0.21687,0.38137,0.27963,0.64917,0.5087,0.31514,0.52083,0.38941,0.27623,0.31684,0.32786,0.29934,0.27391,0.17697,0.1247,0.58183,0.58669,0.46637,0.6488,0.36281,0.5147,0.30211,0.41385,0.49252,0.23605,0.43293,0.097109,0.21058,0.26354,0.24797,0.031012,0.13052,0.39252,0.24162,0.16342
0.24539,0.31939,0.29059,0.2563,0.37733,0.33302,0.30075,0.26757,0.28647,0.36701,0.30252,0.3446,0.27492,0.25864,0.28135,0.50582,0.44228,0.53093,0.32727,0.44506,0.27504,0.73662,0.49582,0.49648,0.35359,0.44179,0.44257,0.47692,0.36958,0.31641,0.25926,0.20704,0.50984,0.78908,1,0.36617,0.26999,0.11855,0.29852,0.44051,0.38755,0.2772,0.556,0.09982,0.47812,0.26223,0.45323,0.46583,0.25035,0.18731,0.23575,0.29095,0.33284,0.30549,0.3325,0.30471,0.24668,0.2787,0.36113,0.29269,0.29574,0.24761,0.27292,0.24366,0.26143,0.26455,0.39791,0.2891,0.53337,0.43275,0.32357,0.55444,0.40387,0.3351,0.38456,0.39808,0.33481,0.34425,0.18611,0.15458,0.47058,0.41714,0.38363,0.65053,0.36503,0.4525,0.21979,0.40545,0.36397,0.16886,0.3391,0.16036,0.25477,0.30182,0.32389,0.046483,0.1405,0.33273,0.23579,0.093965
0.23711,0.2655,0.27851,0.27477,0.36984,0.37104,0.22404,0.25445,0.37734,0.26374,0.23678,0.2168,0.12853,0.1425,0.18181,0.23313,0.14994,0.32207,0.13418,0.47634,0.22811,0.17628,0.25822,0.30681,0.25578,0.25849,0.42275,0.38675,0.40939,0.15967,0.14017,0.08807,0.23254,0.48813,0.36617,1,0.61239,0.09943,0.18856,0.24451,0.41713,0.2152,0.11512,0.25947,0.48491,0.18328,0.29459,0.35323,0.4497,0.48059,0.195,0.25938,0.18789,0.31969,0.3701,0.33413,0.22663,0.35252,0.28448,0.21657,0.20377,0.11875,0.18214,0.1076,0.17299,0.15296,0.33136,0.096798,0.30196,0.31043,0.31292,0.20514,0.22532,0.27527,0.27673,0.30279,0.39631,0.25895,0.13091,0.11285,0.42537,0.48662,0.38856,0.34228,0.44077,0.39253,0.59457,0.43151,0.79172,0.35087,0.25615,0.13089,0.2111,0.23847,0.1711,0.27786,0.21169,0.37985,0.4314,0.48119
0.13653,0.21088,0.19579,0.25182,0.28229,0.26531,0.17759,0.19745,0.25886,0.25967,0.22748,0.21723,0.1287,0.14573,0.18073,0.182,0.13018,0.20693,0.11572,0.28645,0.1876,0.14406,0.17498,0.27477,0.24528,0.2384,0.3484,0.35474,0.34012,0.16289,0.1331,0.082939,0.19936,0.33165,0.26999,0.61239,1,0.097061,0.16855,0.20011,0.29364,0.19482,0.13807,0.23195,0.37595,0.19005,0.23666,0.23621,0.27912,0.3541,0.11423,0.19474,0.16547,0.27696,0.27402,0.23605,0.18222,0.25651,0.27554,0.20994,0.20629,0.11655,0.18225,0.11491,0.15684,0.15273,0.20079,0.095126,0.21758,0.20568,0.21969,0.17108,0.16488,0.215,0.25555,0.28381,0.33163,0.24745,0.11677,0.10393,0.3406,0.3204,0.30324,0.27214,0.35731,0.2832,0.51604,0.37194,0.52269,0.2492,0.19939,0.1034,0.18652,0.21451,0.17271,0.23118,0.2,0.24001,0.25529,0.33829
0.26091,0.29269,0.24653,0.17759,0.21693,0.24769,0.29436,0.21342,0.22141,0.3443,0.2896,0.25474,0.32132,0.3367,0.3137,0.26304,0.13231,0.127,0.23661,0.10851,0.1878,0.14924,0.11416,0.060427,0.16432,0.034586,0.035848,0.1434,0.12249,0.19359,0.16182,0.45681,0.30627,0.051718,0.11855,0.09943,0.097061,1,0.71594,0.46828,0.62309,0.3369,0.49702,0.46039,0.28811,0.63328,0.52023,0.34582,0.34985,0.5638,0.28377,0.29538,0.31124,0.22462,0.19715,0.26572,0.22735,0.19779,0.31587,0.28751,0.22403,0.3051,0.23729,0.33821,0.2699,0.31247,0.30864,0.26196,0.033952,0.13555,0.12226,0.0797,0.092399,0.36393,0.030844,0.03458,0.092099,0.10315,0.15461,0.45676,-0.034996,0.23912,0.12867,-0.060691,-0.063224,0.25193,0.06378,0.071669,0.15339,0.50727,0.39463,0.55233,0.56071,0.27174,0.32276,0.4102,0.50105,0.2623,0.30244,0.46092
0.19064,0.34156,0.29291,0.22619,0.28558,0.29691,0.32583,0.26074,0.28517,0.39599,0.32594,0.30953,0.36217,0.36275,0.34719,0.32314,0.19247,0.20811,0.26749,0.15266,0.22039,0.32651,0.17895,0.22717,0.20895,0.15522,0.17088,0.24956,0.18709,0.29646,0.16583,0.3824,0.3807,0.25593,0.29852,0.18856,0.16855,0.71594,1,0.61382,0.64823,0.40847,0.64391,0.32048,0.38236,0.62541,0.64583,0.32145,0.27275,0.47839,0.22364,0.33448,0.33878,0.27942,0.26681,0.30762,0.26279,0.26858,0.37244,0.32396,0.27469,0.3369,0.29241,0.35854,0.29643,0.34126,0.29688,0.28174,0.16283,0.20547,0.16065,0.21996,0.1504,0.44266,0.12149,0.1508,0.15562,0.19004,0.16109,0.40053,0.1717,0.30418,0.25406,0.10782,0.07767,0.38185,0.1241,0.18346,0.21284,0.48716,0.39717,0.5134,0.66423,0.3131,0.45602,0.26932,0.49025,0.23224,0.23451,0.35958
0.24987,0.46536,0.44377,0.26722,0.36208,0.4226,0.60104,0.44061,0.46854,0.56814,0.44628,0.52468,0.44943,0.45963,0.46718,0.54081,0.4374,0.44418,0.39091,0.4201,0.41626,0.52016,0.44447,0.59224,0.44104,0.41518,0.38566,0.40719,0.46293,0.44916,0.1708,0.34078,0.31533,0.36213,0.44051,0.24451,0.20011,0.46828,0.61382,1,0.43123,0.35341,0.48371,0.18072,0.27932,0.33658,0.40511,0.24946,0.26742,0.29042,0.30248,0.47105,0.51271,0.33635,0.38961,0.45263,0.41615,0.45363,0.5323,0.44147,0.46475,0.40854,0.46092,0.41708,0.43461,0.43963,0.57693,0.39551,0.37169,0.4054,0.43474,0.49078,0.41255,0.70061,0.48627,0.44507,0.42683,0.44935,0.16672,0.36271,0.28908,0.18485,0.20304,0.32217,0.31101,0.31887,0.16462,0.28442,0.32601,0.31174,0.25361,0.50114,0.63224,0.2854,0.45845,0.15984,0.29327,0.20272,0.26361,0.20921
0.32086,0.24634,0.20511,0.23386,0.30585,0.27976,0.23427,0.14126,0.18803,0.27614,0.24072,0.16011,0.2403,0.23752,0.24641,0.27426,0.11253,0.21468,0.18619,0.32426,0.152,0.23299,0.1785,0.13497,0.11799,0.029827,0.15701,0.23167,0.19964,0.11997,0.21493,0.32896,0.54732,0.42421,0.38755,0.41713,0.29364,0.62309,0.64823,0.43123,1,0.33998,0.59615,0.50319,0.58005,0.74788,0.77114,0.68097,0.49263,0.75147,0.28414,0.23103,0.2371,0.27986,0.23518,0.25477,0.15443,0.15591,0.27712,0.22995,0.14249,0.23909,0.15156,0.24694,0.19073,0.24126,0.39912,0.17039,0.15288,0.18138,0.14874,0.12469,0.10186,0.33235,0.020552,0.0347,0.14565,0.062106,0.1913,0.37344,0.30126,0.60757,0.41528,0.15248,0.10748,0.55485,0.24767,0.24283,0.44528,0.75204,0.61293,0.36779,0.46203,0.35875,0.36989,0.4677,0.61278,0.55057,0.43486,0.63079
0.14687,0.23817,0.22232,0.1876,0.25542,0.26907,0.20797,0.19887,0.22628,0.29071,0.26564,0.26178,0.22426,0.20886,0.22976,0.21868,0.17579,0.17827,0.16775,0.18269,0.16907,0.29676,0.20194,0.28923,0.27733,0.3337,0.30227,0.35856,0.2486,0.28104,0.18119,0.23167,0.18732,0.19022,0.2772,0.2152,0.19482,0.3369,0.40847,0.35341,0.33998,1,0.45684,0.29951,0.31288,0.43348,0.38641,0.20336,0.19631,0.2635,0.14866,0.23284,0.20715,0.22496,0.25163,0.24902,0.19527,0.21196,0.29275,0.25199,0.23229,0.20182,0.22243,0.19086,0.18309,0.21462,0.21147,0.17287,0.157,0.16534,0.16968,0.26241,0.17978,0.30843,0.2178,0.29662,0.22955,0.26977,0.14547,0.23078,0.19895,0.14154,0.17489,0.17887,0.21822,0.27723,0.16026,0.32613,0.20761,0.26719,0.16943,0.26202,0.36671,0.38942,0.44047,0.25234,0.36182,0.15013,0.16956,0.19989
0.16128,0.25909,0.20125,0.23409,0.27745,0.22565,0.21143,0.18143,0.16848,0.2859,0.25306,0.24046,0.26982,0.24081,0.25027,0.318,0.20145,0.22997,0.20161,0.12917,0.13968,0.50716,0.19984,0.29638,0.21434,0.23608,0.19693,0.29481,0.16204,0.27415,0.25276,0.33503,0.49165,0.40858,0.556,0.11512,0.13807,0.49702,0.64391,0.48371,0.59615,0.45684,1,0.25674,0.42475,0.66359,0.69495,0.36941,0.17487,0.33233,0.16626,0.23682,0.25774,0.2727,0.21898,0.20583,0.19784,0.16509,0.28753,0.24865,0.20904,0.24981,0.21567,0.25067,0.19515,0.24921,0.2275,0.20741,0.19712,0.18735,0.10895,0.30425,0.14224,0.30716,0.14117,0.17684,0.1236,0.17675,0.18259,0.30326,0.22695,0.27442,0.26384,0.25749,0.062221,0.39435,0.069676,0.20196,0.090704,0.34913,0.3724,0.30995,0.44225,0.36545,0.53947,0.16387,0.44945,0.17711,0.13187,0.18755
0.29553,0.19622,0.17248,0.19261,0.25314,0.25791,0.16961,0.13448,0.17102,0.26458,0.24477,0.16045,0.20177,0.22261,0.23393,0.14598,0.045903,0.075998,0.13259,0.17019,0.13207,0.020177,0.091099,-0.0020896,0.14417,0.036487,0.11299,0.26094,0.17407,0.10631,0.22359,0.26978,0.22084,0.042136,0.09982,0.25947,0.23195,0.46039,0.32048,0.18072,0.50319,0.29951,0.25674,1,0.36242,0.56395,0.33629,0.45129,0.4776,0.61166,0.26573,0.19059,0.18142,0.23574,0.2122,0.23135,0.14433,0.1416,0.27164,0.23561,0.15125,0.2014,0.15315,0.22799,0.17814,0.22986,0.24707,0.14142,-0.025543,0.07288,0.10457,-0.013209,0.056428,0.1846,0.0066974,0.054209,0.14091,0.089025,0.17282,0.28777,-0.042532,0.24794,0.13241,-0.034807,0.024253,0.17669,0.20276,0.23122,0.2647,0.41154,0.31189,0.29528,0.25458,0.3098,0.15496,0.6425,0.41623,0.35812,0.40546,0.53402
0.1956,0.24861,0.208,0.27211,0.31404,0.27066,0.20458,0.19295,0.22838,0.27973,0.23265,0.19888,0.1928,0.19761,0.21678,0.24826,0.14914,0.25695,0.17641,0.33677,0.17894,0.27198,0.24861,0.21729,0.19665,0.21348,0.43103,0.36221,0.26238,0.18023,0.21368,0.17057,0.40116,0.46015,0.47812,0.48491,0.37595,0.28811,0.38236,0.27932,0.58005,0.31288,0.42475,0.36242,1,0.48813,0.55603,0.53055,0.32845,0.47458,0.16706,0.22019,0.22055,0.30509,0.2643,0.2361,0.18376,0.215,0.28175,0.21553,0.17754,0.17833,0.17443,0.18995,0.17897,0.20101,0.25099,0.15364,0.24031,0.22673,0.18747,0.19108,0.18258,0.24328,0.14717,0.19588,0.23422,0.18285,0.1501,0.17561,0.37058,0.45897,0.49425,0.29893,0.36368,0.45882,0.33326,0.37574,0.4553,0.42274,0.37032,0.17611,0.28726,0.28566,0.25511,0.30182,0.36898,0.42713,0.28195,0.37877
0.21027,0.20027,0.14709,0.20487,0.24462,0.20412,0.15843,0.10662,0.11713,0.22875,0.21264,0.13462,0.22955,0.21968,0.22624,0.17737,0.0639,0.081239,0.14713,0.11934,0.099799,0.20357,0.099548,0.064046,0.090692,0.029944,0.15958,0.24658,0.1059,0.17946,0.20747,0.32842,0.3919,0.17528,0.26223,0.18328,0.19005,0.63328,0.62541,0.33658,0.74788,0.43348,0.66359,0.56395,0.48813,1,0.72843,0.53935,0.33683,0.61959,0.19241,0.18698,0.19928,0.24888,0.17615,0.17738,0.13759,0.097902,0.24036,0.21039,0.12723,0.22802,0.14186,0.24104,0.16406,0.22944,0.20303,0.16192,0.0057904,0.066576,0.051771,0.058072,0.03932,0.22579,-0.031194,0.0066063,0.058998,0.0623,0.15538,0.35848,0.070197,0.29924,0.22326,0.0056975,0.022587,0.35959,0.12419,0.19459,0.16417,0.543,0.40885,0.33885,0.41669,0.35582,0.39686,0.45468,0.6704,0.34703,0.26047,0.46502
0.17765,0.22105,0.16722,0.22654,0.27836,0.22242,0.16683,0.12641,0.14406,0.24095,0.20862,0.15292,0.22825,0.20272,0.20929,0.23333,0.11265,0.18254,0.16306,0.19344,0.10863,0.35048,0.18418,0.16698,0.11077,0.10452,0.22078,0.26058,0.13803,0.19831,0.18487,0.26519,0.47372,0.41959,0.45323,0.29459,0.23666,0.52023,0.64583,0.40511,0.77114,0.38641,0.69495,0.33629,0.55603,0.72843,1,0.53957,0.28164,0.52471,0.16152,0.19659,0.20198,0.26286,0.20854,0.18994,0.14217,0.12816,0.24221,0.19761,0.13414,0.21439,0.14979,0.2128,0.15379,0.20637,0.23315,0.15511,0.16935,0.15409,0.082967,0.19055,0.10486,0.26899,0.031269,0.074565,0.097182,0.097893,0.15158,0.28594,0.30465,0.46161,0.38862,0.19061,0.13227,0.55322,0.18067,0.24921,0.28017,0.56056,0.47003,0.28733,0.43179,0.3357,0.43299,0.27912,0.55903,0.39036,0.2314,0.39553
0.34702,0.19632,0.17791,0.17732,0.27096,0.2509,0.17726,0.10623,0.15323,0.25421,0.20919,0.14979,0.21205,0.21231,0.223,0.26397,0.16362,0.26686,0.19603,0.40361,0.15726,0.2879,0.3212,0.10319,0.12516,0.081863,0.2453,0.29019,0.21905,0.11905,0.18986,0.21948,0.466,0.44488,0.46583,0.35323,0.23621,0.34582,0.32145,0.24946,0.68097,0.20336,0.36941,0.45129,0.53055,0.53935,0.53957,1,0.49227,0.57033,0.2899,0.18204,0.19478,0.22265,0.20607,0.22284,0.10786,0.11707,0.25018,0.1985,0.12794,0.20849,0.13245,0.22372,0.17645,0.21869,0.37083,0.17245,0.19101,0.20641,0.18143,0.15762,0.19905,0.21745,0.040741,0.060025,0.16294,0.091307,0.13599,0.22746,0.23954,0.50716,0.34458,0.22372,0.18105,0.42903,0.19909,0.28143,0.39963,0.4969,0.47317,0.22783,0.23136,0.25822,0.15386,0.40446,0.3902,0.62958,0.43903,0.46757
0.46455,0.33984,0.37414,0.2106,0.3984,0.49274,0.2961,0.27652,0.38729,0.34965,0.32204,0.25855,0.27961,0.3033,0.31936,0.28935,0.17467,0.28653,0.2248,0.42167,0.25947,0.14272,0.26331,0.11655,0.21006,0.10215,0.15441,0.27821,0.32802,0.15037,0.17073,0.24442,0.24074,0.23954,0.25035,0.4497,0.27912,0.34985,0.27275,0.26742,0.49263,0.19631,0.17487,0.4776,0.32845,0.33683,0.28164,0.49227,1,0.59517,0.42065,0.35266,0.27323,0.28997,0.3997,0.45526,0.2582,0.32867,0.35203,0.31019,0.23846,0.27581,0.24591,0.29474,0.27985,0.30918,0.46738,0.2213,0.16233,0.26994,0.29885,0.1377,0.22211,0.30042,0.14034,0.1392,0.28709,0.17532,0.15933,0.26523,0.090642,0.40138,0.21762,0.14887,0.12585,0.28782,0.26735,0.25795,0.50468,0.41747,0.34956,0.30931,0.27191,0.2639,0.13032,0.47425,0.2876,0.48042,0.67446,0.54985
0.32671,0.24744,0.21181,0.24701,0.31752,0.30704,0.22404,0.16513,0.23116,0.27845,0.25447,0.16273,0.22942,0.25048,0.2616,0.20069,0.051046,0.149,0.16325,0.28755,0.17234,0.049333,0.10399,-0.0035551,0.10874,-0.029518,0.08146,0.20073,0.19652,0.087343,0.18504,0.29442,0.33503,0.22264,0.18731,0.48059,0.3541,0.5638,0.47839,0.29042,0.75147,0.2635,0.33233,0.61166,0.47458,0.61959,0.52471,0.57033,0.59517,1,0.29686,0.23412,0.23042,0.2974,0.26067,0.28311,0.17393,0.19635,0.2859,0.24702,0.15361,0.23533,0.15825,0.25876,0.21741,0.25733,0.35957,0.1638,0.05635,0.14912,0.16084,0.0093163,0.062037,0.27471,-0.0086559,0.0049776,0.15164,0.054521,0.17458,0.3383,0.074934,0.50774,0.28793,0.019682,0.031535,0.37833,0.31149,0.20705,0.49597,0.63832,0.48718,0.35957,0.36803,0.30291,0.19852,0.58145,0.51349,0.50201,0.5168,0.77446
