1,0.075808,0.16135,0.095481,0.078654,0.23188,0.60333,-0.023149,0.10946,0.16904,0.14552,0.39974,0.18371,0.14012,0.47031,0.21677,0.034408,0.096272,0.045047,0.10946,-0.028488,0.057139,0.26366,0.21841,0.13425,0.074001,0.15504,0.30241,0.13717,0.19669,0.47636,0.35278,-0.019775,0.05056,0.10945,0.42348,0.020709,0.093334,0.46593,0.56996,0.10049,0.492,0.38815,0.24037,0.23007,0.015953,0.32475,0.39455,0.11078,-0.0098211,0.12392,0.40853,0.20209,0.16662,0.41649,0.24354,0.23356,0.26348,0.66455,0.29515,0.22726,0.42205,0.3562,0.083277,0.33229,0.32072,0.77324,0.10506,0.34982,0.25332,0.33499,0.0023375,0.19756,0.1344,0.343,0.31399,0.45589,0.38727,-0.077994,0.068286,0.094389,0.45794,0.14387,0.12635,0.32655,0.34842,0.068026,-0.0090702,0.33538,0.33964,0.32193,0.45013,0.30421,0.26743,0.26286,0.21063,0.38692,0.34053,0.12543,0.14433,0.71051,0.073282,0.12698,0.096758,0.12778,0.039489,0.44423,-0.034212,0.17662,0.16445,0.13791,0.040051,0.18962,0.12909,0.25756,0.11149,-0.0035779,0.021111,0.028248,-0.056559,0.023668,-0.053276,0.25941,-0.04414,0.034106,0.083937,0.23218,0.32975,-0.045482,-0.079579,0.36741,0.22319,-0.077019,0.17418,0.27436,0.39133,0.0113,0.015715,0.31785,0.61828,0.10945,0.38273,0.36762,0.31135,0.16759,-0.044595,0.27032,0.34325,0.060484,-0.050929,0.13653,0.36695,0.2154,0.18749,0.11898,0.0093248,0.37523,0.33778,0.41778,0.034374,0.13673,0.36761,0.2011,0.19402,0.34786,0.27768,0.089724,0.12429,0.33352,0.36928,0.15244,-0.035695,0.27494,0.11868,0.35172,0.32133,0.37464,0.25022,-0.0092099,0.12565,0.10547,0.46166,0.11926,0.13263,0.33105,0.30423,0.014428,0.02096,0.35249,0.3229,-0.0080496,0.3302,0.3004,0.30455,0.32194,0.21348,0.33354,0.33772,0.082212,0.021946
0.075808,1,0.10201,0.25964,0.18116,0.0026037,0.014823,0.2496,0.0065137,-0.0084786,0.3809,0.050979,0.21146,0.35611,0.17572,0.44412,0.36817,0.070056,0.40767,0.28377,0.26288,0.19672,0.33362,0.048354,0.042414,0.43761,0.38872,0.15383,0.11151,0.11561,0.22774,0.31114,0.23845,0.21751,0.38267,0.30202,0.43089,0.39727,0.34364,0.23914,0.10661,-0.0061228,0.2531,0.20399,0.37734,0.27496,0.26657,0.28337,0.33925,0.45339,0.12345,0.1972,0.40817,0.44857,0.039055,0.025833,0.17272,0.22589,0.076134,0.27793,0.28881,0.22387,-0.083805,0.057251,0.27631,0.21082,0.11131,0.46103,0.093547,0.26084,-0.15513,0.010145,0.24663,0.45149,0.25348,0.28033,0.11391,0.08078,0.34376,0.31599,0.36766,0.094124,0.43218,0.3021,0.33559,0.35663,0.035063,0.035326,0.29873,0.23375,-0.019004,0.18434,0.17686,0.22488,0.27943,0.16935,0.28625,0.23142,-0.0069119,0.0044121,0.10184,0.43146,0.10435,0.28084,0.19143,0.001253,0.1912,0.20877,-0.082065,0.025588,0.34897,0.27883,0.14331,0.35585,0.2534,0.44531,0.44411,0.057296,0.41791,0.37309,0.15819,0.13021,0.36682,0.17079,0.041831,0.43822,0.30488,0.087172,0.1504,0.24378,0.2986,0.41724,0.27097,0.22887,0.2685,0.27087,0.41841,0.2335,0.40205,0.18324,0.0020378,-0.0014056,0.25949,0.21394,0.42557,0.30659,0.27235,0.27187,0.29917,0.39663,0.088689,0.21,0.42789,0.40071,0.12174,0.2479,0.16052,0.22957,0.12657,0.37748,0.30132,0.19672,-0.04807,0.0050391,0.23939,0.19455,0.52148,0.46341,0.06749,0.26137,-0.069441,0.053604,0.36181,0.41888,0.20929,0.27868,0.099548,0.14054,0.35699,0.26098,0.36367,0.05484,0.4111,0.2876,0.32378,0.38043,-0.0088124,0.009148,0.26846,0.23654,0.14296,0.13614,0.11634,0.24649,0.27364,0.15783,0.28299,0.23017,0.080949,0.12069
0.16135,0.10201,1,0.16296,0.15641,0.16274,0.13402,0.068157,0.070123,0.1108,0.16126,0.13061,0.20207,0.21139,0.22025,0.13802,0.15814,0.11231,0.15509,0.11452,0.095748,0.11893,0.17354,0.17234,0.14948,0.092831,0.11855,0.14258,0.14288,0.16709,0.0995,0.11876,0.12042,0.15982,0.097037,0.15662,0.070946,0.17271,0.19467,0.22004,0.084307,0.11497,0.17141,0.092652,0.15592,0.13744,0.18992,0.21105,0.093463,0.11434,0.054855,0.14942,0.17004,0.13747,0.16965,0.16203,0.13006,0.14295,0.14158,0.13268,0.19599,0.18395,0.12675,0.16206,0.18693,0.17848,0.14358,0.12064,0.14377,0.15064,0.13794,0.14159,0.15552,0.15807,0.16878,0.17653,0.10314,0.1048,0.13505,0.18045,0.13841,0.11887,0.1278,0.14696,0.19838,0.20231,0.061871,0.063833,0.20026,0.17412,0.15736,0.21831,0.14074,0.16772,0.19394,0.18339,0.19608,0.16994,0.12521,0.14936,0.136,0.083758,0.13593,0.15533,0.12501,0.12122,0.12014,0.038759,0.10462,0.09932,0.15847,0.12201,0.14619,0.18233,0.18771,0.13427,0.1331,0.10173,0.14418,0.055843,0.10309,0.011143,0.17615,0.1069,0.086192,0.086461,0.14213,0.13355,0.079794,0.10614,0.1224,0.12598,0.098541,0.16511,0.12747,0.18994,0.075784,0.12313,0.18819,0.18265,0.056338,0.064103,0.17997,0.12554,0.14596,0.12312,0.17737,0.20431,0.086871,0.081771,0.034436,0.15374,0.19014,0.12753,0.1211,0.11365,0.18307,0.16792,0.12314,0.07828,0.17196,0.16307,0.10059,0.12939,0.17958,0.14611,0.096168,0.13792,0.1234,0.17889,0.098537,0.10934,0.18938,0.12629,0.16839,0.168,0.066459,0.11228,0.14288,0.17633,0.10789,0.10294,0.098129,0.1077,0.19273,0.18508,0.054575,-0.0066767,0.17533,0.1668,0.10941,0.18166,0.13441,0.1767,0.17902,0.18477,0.15633,0.1778,0.11029,0.081909
0.095481,0.25964,0.16296,1,0.33114,0.21791,-0.012041,0.32794,0.23083,0.10184,0.44731,0.11221,0.29013,0.34943,0.40576,0.2035,0.33804,0.32103,0.3297,0.34781,0.17942,0.20853,0.38003,0.45274,0.37703,0.18935,0.31906,0.23031,0.44367,0.31009,0.029722,0.11578,0.68865,0.6307,0.21602,0.21259,0.3064,0.29998,0.39281,0.44099,0.13099,0.063823,0.33081,0.15333,0.5723,0.58381,0.4174,0.39834,0.35057,0.447,0.06058,0.30267,0.30798,0.34139,0.29375,0.37297,0.24479,0.28556,0.037838,0.18253,0.2641,0.28927,0.21085,0.49261,0.47239,0.38436,0.14728,0.33112,0.20401,0.23607,0.19015,0.48107,0.33963,0.3195,0.34965,0.43864,0.079926,0.13817,0.47868,0.41924,0.35508,0.26578,0.27648,0.29205,0.44537,0.43664,0.13831,0.061174,0.45457,0.41548,0.42338,0.52578,0.25053,0.2528,0.3839,0.35097,0.42974,0.4284,0.29063,0.38905,0.19026,0.22933,0.21666,0.62422,0.30778,0.25177,0.10696,0.28143,0.18805,0.1812,0.40262,0.37521,0.25026,0.39639,0.4607,0.2526,0.32071,0.31781,0.35563,0.34286,0.22522,0.068184,0.41982,0.41308,0.36718,0.19248,0.25792,0.19245,0.40101,0.28511,0.15892,0.26396,0.61452,0.55576,0.20936,0.30725,0.32856,0.32754,0.47291,0.32677,0.12281,0.067399,0.36232,0.30526,0.50769,0.57317,0.41625,0.42932,0.35883,0.39752,0.032186,0.32642,0.36664,0.31066,0.29749,0.33987,0.29277,0.33092,0.11824,0.24539,0.27484,0.23929,0.25649,0.42153,0.44701,0.367,0.31526,0.32959,0.15536,0.28302,0.24546,0.4479,0.41777,0.29004,0.30254,0.42766,0.13874,0.19295,0.51166,0.48854,0.33408,0.19285,0.25645,0.30331,0.41972,0.43164,0.14545,0.0066881,0.40462,0.42596,0.49474,0.50369,0.24893,0.29861,0.37134,0.35405,0.40517,0.43262,0.35641,0.39267
0.078654,0.18116,0.15641,0.33114,1,0.096293,-0.014468,0.15917,0.073137,0.048173,0.29051,0.061513,0.34068,0.30131,0.18785,0.1999,0.22637,0.12345,0.27529,0.12318,0.16405,0.15757,0.29178,0.19323,0.15566,0.16731,0.24297,0.14187,0.19355,0.15522,0.041068,0.080914,0.28806,0.3743,0.18723,0.22407,0.14465,0.24105,0.30036,0.28775,0.10235,-0.012148,0.2691,0.096465,0.30223,0.2623,0.33134,0.32812,0.16065,0.25148,-0.034762,0.24662,0.28605,0.25941,0.13436,0.17612,0.20131,0.22542,0.049621,0.12004,0.26029,0.26805,0.046367,0.21533,0.34863,0.33818,0.055918,0.24115,0.14457,0.17363,0.039482,0.20994,0.20593,0.25153,0.30256,0.34077,0.075919,0.11201,0.35074,0.33604,0.28529,0.17716,0.231,0.19892,0.30497,0.29205,0.099344,0.034193,0.3189,0.31261,0.1416,0.2949,0.1651,0.2153,0.28383,0.25597,0.30005,0.31127,0.085372,0.15745,0.13294,0.1309,0.15536,0.339,0.26725,0.12472,0.071042,0.11405,0.071019,0.09164,0.28051,0.19122,0.23091,0.31567,0.25859,0.21815,0.25566,0.15121,0.29923,0.14825,0.14081,0.052358,0.29561,0.19318,0.14459,0.2006,0.18364,0.1137,0.15941,0.15313,0.14897,0.19173,0.27523,0.36714,0.20583,0.30663,0.17881,0.20525,0.35672,0.22929,0.070644,0.037911,0.29501,0.21441,0.31225,0.28876,0.36053,0.35593,0.17714,0.23024,-0.027553,0.25392,0.32209,0.25445,0.17974,0.2133,0.21685,0.25206,0.10308,0.13158,0.27429,0.21277,0.081338,0.18008,0.34202,0.30098,0.23518,0.23236,0.12027,0.22459,0.084209,0.22178,0.27188,0.21499,0.2926,0.34025,0.1132,0.1356,0.36012,0.33123,0.25721,0.12761,0.18492,0.16168,0.29972,0.28747,0.086403,0.041075,0.28771,0.31897,0.21592,0.30411,0.1498,0.22328,0.26371,0.23287,0.26963,0.3129,0.13954,0.20302
0.23188,0.0026037,0.16274,0.21791,0.096293,1,0.51606,0.02479,0.30407,0.19729,0.14386,0.37646,0.14675,0.29011,0.65528,0.022359,0.4196,0.19201,0.14024,0.30931,0.033023,0.13284,0.093883,0.56985,0.64188,0.0024995,0.05179,0.17488,0.4771,0.55008,-0.0034936,0.071654,0.10391,0.13337,-0.012094,0.014902,0.0076173,0.25887,0.11974,0.28547,0.17975,0.22833,0.038166,-0.0086411,0.30967,0.30591,0.14397,0.19836,0.05461,0.090742,0.12728,0.05851,0.13103,0.029191,0.54303,0.55789,0.048429,0.065065,0.35471,0.2889,0.27433,0.12742,0.41374,0.46943,0.17895,0.14946,0.28094,-0.012013,0.201,0.058694,0.66318,0.47,0.12812,0.049408,0.071222,0.086268,0.034548,0.10502,0.24807,0.22422,0.0058073,0.11815,0.05363,0.078702,0.14679,0.20565,0.093357,0.082811,0.16061,0.1059,0.65501,0.44605,0.13477,0.052526,0.16214,0.18906,0.15674,0.095272,0.38041,0.32673,0.14138,-0.034044,0.13827,0.069335,0.077131,0.57652,0.1362,0.007339,0.22216,0.12878,0.1384,0.14428,0.095083,0.21697,0.36754,-0.043441,0.1381,0.15133,0.083372,0.023202,0.18268,0.04455,0.11614,0.29439,0.35521,-0.093073,0.060753,0.18092,0.25929,0.24265,-0.022305,0.034199,0.017407,0.10887,0.020036,0.083943,-0.088523,0.24878,0.13915,0.15571,0.11543,0.10369,0.11927,0.079674,0.094431,0.12964,0.13337,0.17543,-0.00030197,-0.0054138,0.073368,0.070325,0.12503,0.020098,0.2594,0.23897,0.18178,0.11468,0.15935,0.019882,0.06926,0.08785,0.29897,0.27947,0.20158,0.15249,-0.043959,-0.010869,0.15463,0.095513,0.46779,0.33401,0.17824,0.013393,0.056457,0.061454,0.028892,0.068449,0.15251,0.14534,0.031331,-0.0035472,-0.020239,0.069738,0.12587,0.17821,0.10502,0.021417,0.15891,0.12528,0.36877,0.24902,0.17079,0.11321,0.13357,0.20159,0.11656,0.13528,0.30192,-0.040075
0.60333,0.014823,0.13402,-0.012041,-0.014468,0.51606,1,-0.11175,0.16363,0.17499,0.0036143,0.60344,0.12155,0.11883,0.47892,0.092488,0.1411,0.038942,0.029521,0.26698,-0.064609,0.085845,0.013042,0.32592,0.30872,0.030471,-0.0010927,0.1877,0.28263,0.42025,0.33047,0.35969,-0.1172,-0.077114,-0.0042955,0.13254,-0.0066976,0.21378,0.11988,0.30464,0.14206,0.44647,0.12079,0.13956,0.1413,0.036233,0.11919,0.18118,0.038426,-0.082001,0.21041,0.15418,0.12531,0.022258,0.60013,0.37702,0.021684,0.039777,0.78389,0.47372,0.20573,0.18012,0.3671,0.13678,0.1361,0.12172,0.60785,-0.091731,0.20292,0.082271,0.52697,0.05391,0.038691,0.035546,0.099693,0.070539,0.28812,0.27579,-0.092657,0.04561,-0.079957,0.27134,0.13432,0.039612,0.17198,0.22128,0.0052446,0.031514,0.13284,0.096608,0.37936,0.29622,0.13178,0.047152,0.052749,0.06296,0.15931,0.073415,0.18126,0.14348,0.41116,0.001022,0.060914,-0.086091,0.029656,0.23812,0.46285,-0.095642,0.18103,0.10617,0.01528,0.056129,0.079549,0.047531,0.15896,-0.051876,-0.053049,-0.081808,-0.044051,-0.067491,0.029872,-0.0097115,0.025678,-0.0091663,0.08804,-0.043523,0.075956,0.18231,-0.024742,0.010323,0.14703,0.1093,-0.19276,-0.015231,0.059165,0.10155,-0.10791,0.053284,0.028023,0.29408,0.081021,0.2659,0.1329,0.11026,-0.014415,-0.12835,0.083836,0.11455,-0.04135,-0.17729,0.17567,0.13789,0.069906,0.025497,0.15902,-0.0081391,0.17378,0.11133,0.41033,0.018195,-0.0025676,0.11971,0.17453,0.095089,0.14996,0.1188,-0.068365,-0.044574,0.18484,0.14424,0.24646,-0.087147,0.11312,-0.016718,0.12709,0.048488,0.22562,0.10918,-0.11872,0.017054,-0.070244,0.19397,0.011291,0.039982,0.15639,0.21004,-0.014038,0.025878,0.1437,0.072877,-0.044772,0.13902,0.15084,0.10675,0.088176,0.058313,0.11413,0.084471,0.052537,-0.14447
-0.023149,0.2496,0.068157,0.32794,0.15917,0.02479,-0.11175,1,0.074743,0.046272,0.27416,0.060031,0.10851,0.13041,0.12989,0.1505,0.15763,0.29397,0.13358,0.30281,0.18357,0.16729,0.18316,0.061769,0.13606,0.14037,0.18892,0.047976,0.18149,0.037315,0.0029125,0.045943,0.39142,0.26496,0.13607,0.11539,0.37143,0.12778,0.20684,0.21185,0.044058,0.022727,0.18729,0.18835,0.30409,0.28579,0.18071,0.16222,0.21827,0.31195,0.13361,0.16389,0.10094,0.18784,-0.014911,0.028694,0.032098,0.064265,-0.10945,0.092545,0.043203,0.12176,0.090321,0.24701,0.15695,0.12529,0.068441,0.21343,0.0074402,0.06725,0.00818,0.20106,0.17491,0.22851,0.15349,0.1774,0.07283,0.073295,0.24555,0.14007,0.25651,0.1646,0.21783,0.24784,0.19974,0.18904,0.1473,0.056805,0.18565,0.15698,0.15304,0.23203,0.070084,0.092318,0.13556,0.12755,0.1888,0.16538,0.26992,0.22525,0.096054,0.26329,0.10532,0.32854,0.15452,0.059936,0.11775,0.35365,0.040068,0.10769,0.24692,0.32192,0.11396,0.18316,0.26795,0.17831,0.20385,0.2928,0.18568,0.34051,0.10902,0.11576,0.21998,0.1659,0.19268,0.17501,0.14829,0.0091629,0.26214,0.15122,0.10861,0.20512,0.41358,0.23036,0.09272,0.17042,0.35129,0.11932,0.28093,0.13632,0.054628,0.059348,0.19057,0.22505,0.32494,0.33538,0.19113,0.17791,0.29118,0.33167,0.11954,0.18384,0.1625,0.17888,0.057198,0.15808,0.073892,0.12039,0.044728,0.29185,0.13254,0.12572,0.14197,0.24972,0.13249,0.11882,0.31687,0.22101,-0.01536,0.11316,0.10864,0.18203,0.20841,0.21074,0.13147,0.1925,0.11726,0.14111,0.28766,0.19655,0.24627,0.084305,0.23467,0.24369,0.17535,0.2362,0.092705,0.0050196,0.15869,0.16111,0.29703,0.25501,0.030161,0.1398,0.16126,0.12641,0.1798,0.1626,0.32801,0.34942
0.10946,0.0065137,0.070123,0.23083,0.073137,0.30407,0.16363,0.074743,1,0.11709,0.14361,0.19304,0.10166,0.12065,0.33748,0.036894,0.17669,0.19697,0.043236,0.17825,-0.027118,0.063915,0.09945,0.24335,0.30646,0.037081,0.06905,0.099117,0.28765,0.14141,0.0010797,0.016507,0.23543,0.15983,0.029502,0.024115,0.053574,-0.0018301,0.084803,0.18916,0.088625,0.13406,0.032638,-0.03757,0.26109,0.24647,0.11224,0.12115,0.086721,0.068952,-0.0062224,0.0098273,0.050774,0.041729,0.23004,0.21672,0.054847,0.073402,0.08938,0.073069,0.081881,0.067846,0.32898,0.30751,0.1351,0.10667,0.19589,0.073365,0.10741,0.083199,0.37402,0.25686,0.12026,0.063759,0.040586,0.085967,0.0089425,0.080283,0.14639,0.052696,0.044404,0.10956,-0.003203,0.043558,0.1264,0.11339,0.077487,0.022713,0.1087,0.095909,0.43341,0.3228,0.083583,0.076234,0.12084,0.13786,0.10299,0.097109,0.34093,0.18893,0.10214,-0.0097899,0.091294,0.1534,0.045104,0.23786,0.064974,0.063276,0.2382,0.12672,0.14281,0.10084,0.053018,0.065264,0.19797,0.033791,0.053495,0.14279,0.033004,0.055776,0.0068921,0.0046806,0.11908,0.13041,0.26277,-0.0060354,0.067465,0.094412,0.24756,0.080428,0.025892,0.04295,0.2043,0.13179,0.055472,0.080577,0.0092186,0.056872,0.10804,0.12082,0.057619,0.093029,0.074716,0.068592,0.11659,0.18568,0.10539,0.12529,0.089487,0.051596,-0.0062154,0.042482,0.076914,0.058231,0.074263,0.044101,0.11848,0.10221,0.03643,0.066162,0.059007,0.067802,0.31136,0.27747,0.14067,0.10126,0.037408,0.080146,0.085597,0.091844,0.29612,0.21272,0.16301,0.053859,0.037573,0.068641,0.069656,0.078624,0.082839,0.041511,0.047286,0.062563,0.012136,0.070722,0.10928,0.092454,0.12535,0.00047249,0.10716,0.10613,0.2782,0.23588,0.11241,0.10509,0.10983,0.14162,0.091738,0.1179,0.28318,0.039413
0.16904,-0.0084786,0.1108,0.10184,0.048173,0.19729,0.17499,0.046272,0.11709,1,0.078449,0.19826,0.13234,0.021246,0.19931,0.018887,-0.027025,0.16252,-0.060028,0.089857,-0.065091,0.019692,0.080774,0.081207,0.16587,-0.0083954,0.032608,0.10029,0.075998,0.039363,0.083518,0.052535,0.05579,0.07092,-0.026432,0.056387,-0.026015,-0.06516,0.087179,0.16265,0.061045,0.24016,0.081804,0.05842,0.11401,0.019215,0.072308,0.10893,0.038523,-0.017087,0.051634,0.10465,-0.011424,0.01691,0.13243,0.10695,0.072974,0.078139,0.1339,0.054601,0.019518,0.081807,0.3108,0.17904,0.098192,0.096867,0.18749,0.024771,0.12228,0.075034,0.28381,0.12628,0.072611,0.030882,0.05768,0.053105,0.14193,0.20444,-0.02376,-0.04282,0.038595,0.18092,0.031514,0.080945,0.095872,0.080976,0.083054,0.018264,0.087785,0.081621,0.23676,0.206,0.12603,0.075589,0.09547,0.080487,0.086067,0.086994,0.22674,0.19324,0.16548,-0.00029721,0.062083,0.063661,0.070689,0.10075,0.087785,0.025984,0.17787,0.14361,0.073682,0.030365,0.083407,-0.0038445,0.10573,0.0013319,-0.074697,0.13293,-0.057856,-0.031695,-0.017766,-0.013011,0.07343,-0.02883,0.10605,-0.028672,0.046017,0.11182,0.044257,-0.059688,0.079273,0.032357,0.023407,0.087743,0.029187,0.073573,-0.063052,-0.072024,0.067156,0.15077,0.09224,0.18027,0.082232,0.088014,0.057503,0.0021386,0.06708,0.10008,0.014926,-0.033359,0.06691,0.11149,0.0063609,0.054151,-0.01943,-0.050376,0.11648,0.0615,0.063142,-0.029971,0.013347,0.084117,0.25369,0.22251,0.10856,0.057883,-0.033989,0.026755,0.09268,0.081849,0.19622,0.075167,0.090571,0.0055633,0.063287,0.059099,0.13542,0.15756,-0.018945,-0.01407,0.0088276,0.12907,-0.023401,0.04529,0.091377,0.081517,0.1183,-0.011348,0.10097,0.079748,0.079163,0.17928,0.11733,0.088323,0.070893,0.09711,0.084358,0.089473,0.16728,0.086997
0.14552,0.3809,0.16126,0.44731,0.29051,0.14386,0.0036143,0.27416,0.14361,0.078449,1,0.086208,0.27208,0.42395,0.35978,0.46184,0.39098,0.16409,0.39964,0.26851,0.25583,0.19977,0.55438,0.19517,0.2075,0.34778,0.46749,0.28354,0.23963,0.16569,0.16744,0.21693,0.38106,0.37815,0.37797,0.42018,0.35772,0.3325,0.68082,0.60455,0.14789,0.043736,0.39557,0.2108,0.54494,0.37839,0.47173,0.45676,0.3489,0.4809,0.10345,0.33928,0.40153,0.46681,0.14701,0.15612,0.31344,0.34901,0.049462,0.20536,0.384,0.4191,0.12302,0.27425,0.46763,0.38915,0.17547,0.56923,0.28385,0.37308,0.02728,0.21031,0.49664,0.53633,0.40009,0.45619,0.15745,0.1397,0.4457,0.39198,0.63089,0.28327,0.45688,0.36154,0.47478,0.50374,0.079117,0.034271,0.46633,0.42074,0.22208,0.42819,0.34769,0.41036,0.46289,0.43214,0.45471,0.42384,0.13763,0.12699,0.19075,0.34806,0.17046,0.46769,0.30759,0.16169,0.16058,0.25694,0.057114,0.14246,0.67076,0.34138,0.23958,0.44203,0.40431,0.49026,0.45846,0.18942,0.44224,0.35217,0.19854,0.1317,0.58701,0.27784,0.18817,0.37379,0.41056,0.25581,0.30375,0.29056,0.30217,0.40921,0.42056,0.40516,0.30953,0.46853,0.36944,0.27383,0.70534,0.40587,0.051336,0.033681,0.4173,0.3623,0.54059,0.42953,0.46105,0.46882,0.37375,0.46298,0.084008,0.37729,0.47139,0.43829,0.19216,0.29917,0.35976,0.39173,0.15182,0.38476,0.45047,0.37387,0.13696,0.21672,0.45712,0.37229,0.51373,0.54346,0.22084,0.41383,0.10308,0.24528,0.57107,0.46487,0.34814,0.46234,0.16866,0.18266,0.44574,0.35334,0.57797,0.14725,0.40306,0.3414,0.46811,0.49741,0.089106,0.025077,0.4394,0.43618,0.34089,0.33935,0.29256,0.42311,0.44521,0.40345,0.45083,0.43962,0.23783,0.18692
0.39974,0.050979,0.13061,0.11221,0.061513,0.37646,0.60344,0.060031,0.19304,0.19826,0.086208,1,0.15392,0.062595,0.35572,0.033544,0.056536,0.16857,-0.027244,0.32807,-0.024943,0.10152,0.037362,0.22071,0.2633,-0.0070779,0.019166,0.13519,0.27565,0.26898,0.21459,0.24757,0.07772,0.050062,-0.020308,0.082241,0.054723,0.080907,0.095406,0.27414,0.10195,0.37417,0.11455,0.14135,0.16917,0.07995,0.11851,0.14384,0.10874,-0.013136,0.18362,0.13634,0.033597,0.017711,0.4516,0.26947,0.034144,0.052679,0.50719,0.3353,0.097901,0.11866,0.39204,0.2315,0.11802,0.11007,0.4365,-0.047163,0.15093,0.065061,0.47696,0.13407,0.050426,0.030565,0.071082,0.064736,0.25745,0.26793,-0.055854,0.0058523,-0.0068431,0.28939,0.11253,0.1407,0.15852,0.17538,0.057527,0.054901,0.10415,0.085551,0.35485,0.29193,0.11356,0.058151,0.066798,0.070535,0.12712,0.078112,0.30588,0.26054,0.3247,0.024596,0.081899,0.063102,0.070549,0.20161,0.35474,0.026455,0.23421,0.15109,0.090285,0.18762,0.11219,0.0039607,0.15867,-0.049102,-0.082801,0.061337,-0.064246,0.033758,0.010622,-0.0035509,0.047246,-0.0080947,0.14532,-0.047282,0.066793,0.13321,0.051142,-0.022317,0.096726,0.098282,0.017271,0.074512,0.042412,0.088579,-0.03621,-0.0084958,0.058631,0.24411,0.086901,0.23993,0.12594,0.14872,0.04967,-0.023779,0.098273,0.11332,0.051765,-0.070342,0.16536,0.13071,0.035336,0.034698,0.088093,-0.033927,0.14359,0.104,0.27926,0.060864,-0.028833,0.084165,0.25162,0.21634,0.12805,0.10435,-0.04513,-0.019043,0.13736,0.12309,0.27452,-0.0062298,0.1188,-0.0046257,0.10204,0.056573,0.22578,0.16102,-0.079165,0.027815,-0.0034356,0.21107,0.013519,0.091237,0.14297,0.17151,0.05242,0.027628,0.10247,0.068199,0.051926,0.2062,0.11061,0.090645,0.095695,0.067471,0.091479,0.085763,0.1966,0.042627
0.18371,0.21146,0.20207,0.29013,0.34068,0.14675,0.12155,0.10851,0.10166,0.13234,0.27208,0.15392,1,0.42984,0.26931,0.22713,0.29563,0.13913,0.35576,0.12059,0.16628,0.15132,0.23749,0.17958,0.15722,0.21694,0.23496,0.16562,0.15316,0.16573,0.085029,0.13293,0.20709,0.28977,0.21175,0.24375,0.12021,0.31446,0.29528,0.31185,0.24415,0.11516,0.30772,0.16005,0.30692,0.25287,0.36922,0.38462,0.16963,0.24575,0.060525,0.28135,0.38875,0.28602,0.21859,0.17277,0.19231,0.23502,0.23332,0.15387,0.33014,0.25482,0.09482,0.16751,0.32337,0.31104,0.14891,0.23126,0.15416,0.18296,0.095069,0.12934,0.2159,0.24563,0.31494,0.3208,0.15614,0.18714,0.34122,0.38045,0.26984,0.26384,0.25345,0.20218,0.30484,0.32368,0.099444,0.040464,0.31661,0.30053,0.14461,0.32808,0.17001,0.18669,0.27912,0.22434,0.30085,0.28311,0.0838,0.1831,0.19694,0.15155,0.16829,0.28027,0.24959,0.087466,0.1773,0.067947,0.092683,0.12358,0.27047,0.17539,0.28939,0.36985,0.2792,0.1983,0.27569,0.10079,0.33052,0.088378,0.14836,0.069205,0.25574,0.12479,0.10014,0.17229,0.1965,0.13416,0.086247,0.10876,0.15041,0.17683,0.19776,0.3168,0.2446,0.28621,0.14761,0.16742,0.34188,0.24987,0.10447,0.099029,0.31361,0.23633,0.3063,0.22132,0.3685,0.37879,0.13311,0.18268,0.041974,0.285,0.37883,0.26617,0.16603,0.17099,0.23621,0.26535,0.18896,0.12527,0.29141,0.21017,0.0857,0.16637,0.31578,0.27362,0.25817,0.22383,0.1255,0.22628,0.067371,0.1231,0.26327,0.20682,0.30711,0.31797,0.15755,0.18227,0.32423,0.3424,0.2557,0.16799,0.19161,0.19155,0.30229,0.32878,0.081969,0.031748,0.29721,0.29877,0.14856,0.32282,0.1536,0.21171,0.26916,0.19843,0.29237,0.28781,0.10502,0.16589
0.14012,0.35611,0.21139,0.34943,0.30131,0.29011,0.11883,0.13041,0.12065,0.021246,0.42395,0.062595,0.42984,1,0.514,0.41941,0.7519,0.060209,0.78723,0.18063,0.35505,0.22703,0.40247,0.32732,0.2967,0.44605,0.3916,0.19885,0.22217,0.30907,0.03778,0.16778,0.22539,0.32448,0.42065,0.34693,0.27199,0.63843,0.44705,0.37909,0.30165,-0.032324,0.41782,0.12858,0.46335,0.43306,0.49991,0.59909,0.25673,0.47297,0.020474,0.32067,0.73406,0.51933,0.25116,0.24952,0.32019,0.39033,0.23527,0.22401,0.65851,0.37531,-0.017018,0.19324,0.47078,0.41008,0.12112,0.43153,0.18668,0.31043,0.024369,0.17378,0.29041,0.43438,0.46769,0.48925,0.04386,0.05527,0.6518,0.7261,0.38205,0.12899,0.40456,0.28362,0.43866,0.49199,0.072497,0.077555,0.48244,0.4401,0.1906,0.44751,0.2038,0.29258,0.45818,0.33654,0.45357,0.4125,0.050546,0.1,0.12538,0.27554,0.1937,0.33384,0.27179,0.20892,0.1628,0.097379,0.00040735,0.095986,0.38209,0.24005,0.30655,0.70061,0.43623,0.40608,0.67311,0.050335,0.69797,0.19772,0.2949,0.12238,0.43088,0.31556,0.15228,0.35808,0.32105,0.17618,0.19898,0.32812,0.17164,0.28652,0.25036,0.34609,0.4077,0.38673,0.28202,0.38933,0.51288,0.27025,0.057336,-0.031272,0.45378,0.26487,0.46927,0.39393,0.48613,0.52252,0.21549,0.35776,-0.035126,0.34172,0.70952,0.42639,0.28676,0.40103,0.36638,0.43889,0.19673,0.23558,0.53208,0.26804,0.0051221,0.053982,0.45534,0.40102,0.47637,0.43317,0.14544,0.32497,0.031853,0.18229,0.42693,0.38752,0.42289,0.46278,0.057121,0.10316,0.56697,0.53479,0.38367,0.015357,0.33239,0.25171,0.42411,0.45642,0.042415,0.039242,0.43826,0.43881,0.26624,0.32031,0.17816,0.31291,0.43029,0.29716,0.44333,0.43566,0.09794,0.048835
0.47031,0.17572,0.22025,0.40576,0.18785,0.65528,0.47892,0.12989,0.33748,0.19931,0.35978,0.35572,0.26931,0.514,1,0.26283,0.54753,0.23548,0.36834,0.37291,0.10907,0.18031,0.33372,0.58889,0.59589,0.23329,0.28076,0.29061,0.48642,0.4871,0.16903,0.2286,0.31981,0.30021,0.2339,0.27357,0.20296,0.37579,0.40768,0.54447,0.24642,0.33291,0.29175,0.10849,0.55696,0.46586,0.38056,0.4572,0.23398,0.3061,0.12484,0.27021,0.39415,0.31603,0.56802,0.54688,0.23877,0.25188,0.45051,0.33732,0.40844,0.3262,0.47233,0.50798,0.41828,0.34267,0.52498,0.28542,0.31392,0.27899,0.56336,0.44532,0.30589,0.27896,0.31112,0.35409,0.14571,0.198,0.39316,0.38466,0.22085,0.28473,0.23446,0.21182,0.40168,0.46214,0.1026,0.088153,0.43219,0.36832,0.69856,0.72258,0.28267,0.2658,0.36684,0.31996,0.42194,0.34164,0.37191,0.31501,0.33956,0.13318,0.1913,0.27882,0.17811,0.42369,0.24299,0.10372,0.23651,0.1927,0.33285,0.21776,0.20073,0.38574,0.49794,0.19649,0.30529,0.1631,0.27965,0.1637,0.18763,0.058169,0.36751,0.31691,0.3534,0.1561,0.27032,0.27297,0.33511,0.26159,0.18748,0.24104,0.22802,0.28632,0.2401,0.29741,0.12753,0.27828,0.4081,0.39464,0.13738,0.19034,0.34261,0.22914,0.36836,0.32465,0.3276,0.39828,0.18621,0.19597,0.067423,0.27443,0.37462,0.27483,0.27497,0.28161,0.36274,0.33091,0.21457,0.16093,0.25325,0.24979,0.35082,0.33987,0.41597,0.33202,0.24193,0.28412,0.25562,0.31914,0.37315,0.33309,0.40306,0.23713,0.26271,0.33369,0.14877,0.15277,0.30521,0.28332,0.2066,0.14033,0.16401,0.20395,0.36954,0.40182,0.11564,0.02776,0.40063,0.36166,0.41992,0.42165,0.29342,0.32531,0.34754,0.31543,0.38329,0.37973,0.31836,0.032269
0.21677,0.44412,0.13802,0.2035,0.1999,0.022359,0.092488,0.1505,0.036894,0.018887,0.46184,0.033544,0.22713,0.41941,0.26283,1,0.42923,0.02357,0.4086,0.141,0.26825,0.17283,0.60583,0.022569,-0.0052217,0.51546,0.47872,0.20915,0.042741,0.078326,0.38404,0.37376,0.13068,0.16269,0.54779,0.52842,0.32955,0.39801,0.50237,0.3283,0.14562,0.030719,0.26532,0.10964,0.36129,0.17996,0.32206,0.31764,0.27523,0.41364,0.0089657,0.19962,0.49742,0.47983,0.040745,0.00068896,0.28683,0.37116,0.1841,0.31782,0.52338,0.44577,-0.0023441,0.026945,0.35935,0.27567,0.19115,0.67525,0.22005,0.40098,-0.11378,-0.045833,0.38928,0.63237,0.29523,0.33253,0.14877,0.11516,0.29296,0.27569,0.44704,0.14425,0.51818,0.31675,0.37851,0.38965,0.013277,0.015403,0.36378,0.32024,0.0028512,0.2419,0.2367,0.35499,0.50137,0.38974,0.35007,0.30821,-0.045962,-0.040678,0.16706,0.36826,0.10921,0.23542,0.18823,-0.006292,0.16624,0.10844,-0.060382,0.057655,0.42898,0.16355,0.16135,0.37776,0.27658,0.68055,0.48777,-0.021967,0.40247,0.24218,0.12081,0.10199,0.57473,0.12294,-0.047548,0.53842,0.41621,0.16315,0.077554,0.20774,0.44665,0.46689,0.15907,0.21075,0.39534,0.44217,0.32156,0.18442,0.5078,0.27239,0.013138,-0.0065117,0.28385,0.19225,0.39532,0.20669,0.29924,0.33029,0.24119,0.34465,-0.018879,0.21361,0.49328,0.44508,0.094486,0.17981,0.27224,0.37002,0.12392,0.35886,0.52484,0.44229,-0.02728,-0.027082,0.32958,0.25438,0.55468,0.6669,0.15617,0.44574,-0.10443,0.0018154,0.49174,0.55976,0.23387,0.34584,0.12744,0.14757,0.27907,0.18825,0.4016,0.069444,0.41345,0.26523,0.3773,0.3941,0.0093901,0.013306,0.34054,0.32743,0.082601,0.12128,0.20092,0.3633,0.44992,0.35096,0.32884,0.31783,-0.0060886,-0.018539
0.034408,0.36817,0.15814,0.33804,0.22637,0.4196,0.1411,0.15763,0.17669,-0.027025,0.39098,0.056536,0.29563,0.7519,0.54753,0.42923,1,0.01303,0.76654,0.34257,0.33366,0.22126,0.31441,0.4409,0.4319,0.51798,0.38812,0.15705,0.39857,0.43328,-0.014246,0.16404,0.29983,0.28585,0.45242,0.21394,0.45008,0.69596,0.34496,0.31052,0.25476,-0.058998,0.17292,0.037178,0.56651,0.61414,0.30975,0.38164,0.26844,0.55125,0.050183,0.083606,0.68332,0.49283,0.29807,0.35153,0.21373,0.28054,0.14946,0.32811,0.59191,0.23034,-0.030031,0.27609,0.31993,0.2475,0.14218,0.42662,0.12513,0.25066,0.069554,0.28409,0.25555,0.4325,0.24957,0.30712,-0.039509,-0.039952,0.71591,0.63424,0.34609,-0.0047848,0.41993,0.29748,0.31665,0.39338,0.021454,0.072684,0.34539,0.25852,0.35212,0.39879,0.14075,0.17899,0.37953,0.2593,0.28902,0.23056,0.092194,0.0062369,0.034028,0.31679,0.14629,0.30716,0.17381,0.40683,0.19256,0.1575,-0.0174,0.042299,0.36869,0.33691,0.17413,0.61256,0.53364,0.387,0.77567,0.033734,0.67277,0.39974,0.32197,0.19213,0.33948,0.52794,0.35112,0.38237,0.27642,0.11487,0.4461,0.56767,0.095494,0.32433,0.36486,0.28349,0.28758,0.22513,0.44618,0.56809,0.42792,0.15361,0.060558,-0.072985,0.23237,0.11238,0.48446,0.55409,0.31402,0.33536,0.26422,0.45484,-0.055323,0.09614,0.62053,0.33993,0.41258,0.56895,0.24054,0.29697,0.18916,0.40176,0.43776,0.15686,0.060697,0.089594,0.31109,0.25005,0.54616,0.39867,0.06655,0.21085,0.19815,0.32789,0.3622,0.37944,0.17856,0.27133,0.0070818,0.057093,0.59519,0.45386,0.35816,-0.1001,0.37606,0.27719,0.29365,0.37542,0.020771,0.019779,0.28431,0.27241,0.51202,0.24846,0.096535,0.21504,0.3321,0.21875,0.28979,0.26409,0.207,0.036679
0.096272,0.070056,0.11231,0.32103,0.12345,0.19201,0.038942,0.29397,0.19697,0.16252,0.16409,0.16857,0.13913,0.060209,0.23548,0.02357,0.01303,1,-0.030442,0.19078,0.0858,0.079883,0.16431,0.12522,0.25482,-0.032846,0.083024,0.10162,0.15549,0.037566,0.011391,-0.0055253,0.29619,0.26582,0.012508,0.061056,0.074956,-0.055679,0.14092,0.23813,0.061934,0.1589,0.16338,0.12011,0.21467,0.14307,0.12742,0.14414,0.137,0.11263,0.10013,0.14646,-0.014975,0.02938,0.11674,0.13802,0.09533,0.11993,0.035969,0.020848,0.028841,0.10777,0.34226,0.40578,0.16924,0.12687,0.12495,0.069795,0.11943,0.071005,0.31164,0.32545,0.14554,0.072308,0.107,0.11804,0.12234,0.1643,0.10121,0.060325,0.079396,0.26715,0.03395,0.1261,0.15727,0.13763,0.20927,0.067113,0.15184,0.12639,0.31539,0.34719,0.12925,0.10631,0.15787,0.16029,0.16585,0.1624,0.39571,0.48948,0.1745,0.046271,0.1478,0.22874,0.11466,0.11191,0.064493,0.18485,0.23013,0.18613,0.13656,0.16314,0.13315,0.073562,0.23815,0.034646,-0.044139,0.369,-0.026373,0.049279,0.047803,0.022387,0.1639,0.013842,0.164,-0.040542,0.08847,0.089821,0.11694,-0.072918,0.066419,0.049688,0.22117,0.20689,0.078972,0.13988,0.029739,-0.079655,0.1531,0.18859,0.11155,0.14015,0.16336,0.17673,0.13405,0.11242,0.15052,0.16694,0.10328,0.066313,0.093673,0.16053,0.029879,0.056731,-0.016331,-0.0050272,0.14202,0.13068,0.050994,0.010842,0.044165,0.11794,0.29051,0.40155,0.15615,0.12845,0.030759,0.075743,0.08341,0.11871,0.21931,0.2212,0.17515,0.063974,0.11127,0.12505,0.13537,0.19594,0.11037,0.10135,0.057336,0.18608,0.0069786,0.13781,0.13786,0.13834,0.18835,0.024838,0.14869,0.13314,0.20241,0.34903,0.11197,0.12697,0.15047,0.18111,0.16843,0.16585,0.34294,0.33406
0.045047,0.40767,0.15509,0.3297,0.27529,0.14024,0.029521,0.13358,0.043236,-0.060028,0.39964,-0.027244,0.35576,0.78723,0.36834,0.4086,0.76654,-0.030442,1,0.21159,0.36498,0.2095,0.31815,0.29642,0.21381,0.56011,0.42718,0.17486,0.23539,0.31554,0.036804,0.18052,0.24345,0.29814,0.46891,0.30996,0.42948,0.70754,0.39623,0.30789,0.21661,-0.099936,0.37491,0.1393,0.50192,0.53101,0.44065,0.50084,0.27631,0.53111,0.035994,0.28642,0.78797,0.66222,0.17335,0.20595,0.30442,0.35078,0.13961,0.23858,0.57577,0.29589,-0.17388,0.094654,0.42443,0.33754,0.06226,0.42553,0.14081,0.30513,-0.15927,0.10843,0.25632,0.41904,0.45248,0.46828,0.026706,0.0030657,0.72016,0.78384,0.3995,0.036151,0.41985,0.28995,0.418,0.47815,0.014635,0.043153,0.44964,0.3763,0.058492,0.31516,0.17645,0.26692,0.37683,0.24216,0.40229,0.35951,-0.059762,-0.040884,0.070301,0.34628,0.15149,0.35267,0.24731,0.15268,0.17479,0.1212,-0.09293,0.010818,0.36601,0.27455,0.24682,0.69516,0.41825,0.40401,0.75483,-0.012064,0.84368,0.32337,0.27643,0.14266,0.35529,0.39124,0.17379,0.46073,0.33224,0.14753,0.25668,0.42868,0.16827,0.31948,0.30945,0.3354,0.39042,0.31209,0.44313,0.47765,0.48034,0.2099,0.030958,-0.054767,0.40467,0.21583,0.54272,0.50739,0.43603,0.44713,0.27052,0.46267,-0.040927,0.28481,0.73929,0.50176,0.33172,0.4991,0.29438,0.35724,0.18977,0.32017,0.49469,0.19688,-0.076994,-0.033113,0.40084,0.33953,0.57886,0.42045,0.11322,0.28384,-0.040156,0.18585,0.36962,0.37816,0.404,0.42593,0.036278,0.053846,0.66792,0.58875,0.3967,-0.039069,0.39684,0.26386,0.39861,0.4479,-0.017276,0.011781,0.3945,0.37449,0.28886,0.24684,0.13474,0.26627,0.34541,0.20066,0.39669,0.37427,0.052291,0.046271
0.10946,0.28377,0.11452,0.34781,0.12318,0.30931,0.26698,0.30281,0.17825,0.089857,0.26851,0.32807,0.12059,0.18063,0.37291,0.141,0.34257,0.19078,0.21159,1,0.12417,0.18547,0.12134,0.35249,0.43397,0.21768,0.16776,0.088901,0.47093,0.38877,0.11311,0.2624,0.38282,0.23284,0.15547,0.071609,0.47612,0.33231,0.16167,0.24842,0.079004,0.1758,0.1033,0.15816,0.39078,0.45265,0.15821,0.16044,0.26726,0.31746,0.21068,0.074589,0.18531,0.20026,0.30895,0.34887,0.02552,0.040984,0.17405,0.39133,0.12894,0.054961,0.20608,0.35324,0.1707,0.10748,0.26707,0.1478,0.071871,0.10253,0.29388,0.36336,0.13804,0.20561,0.092496,0.12799,0.07428,0.10067,0.26593,0.19388,0.16875,0.10485,0.27892,0.23351,0.23799,0.25725,0.01816,0.063834,0.19758,0.11139,0.39844,0.30341,0.070348,0.086075,0.12769,0.10578,0.15932,0.11482,0.3598,0.20611,0.13077,0.23405,0.1019,0.25965,0.097241,0.29393,0.24892,0.26803,0.070329,0.075598,0.23155,0.40058,0.054908,0.18881,0.31622,0.12206,0.24386,0.16515,0.20557,0.47751,0.14754,0.09713,0.15402,0.3224,0.35087,0.18568,0.1372,0.045187,0.39298,0.32042,0.11209,0.26245,0.36896,0.19615,0.069847,0.066936,0.38397,0.29603,0.18823,0.13103,0.054147,0.097653,0.11416,0.16234,0.27754,0.38951,0.14112,0.13334,0.27485,0.27823,0.14179,0.091732,0.18765,0.14951,0.22807,0.30317,0.076475,0.085757,0.14191,0.35601,0.078613,0.056626,0.20544,0.22686,0.14822,0.11394,0.24389,0.16289,0.029249,0.10707,0.28502,0.26199,0.21034,0.16673,0.055323,0.11534,0.090083,0.054631,0.24401,0.20498,0.17351,0.03165,0.24338,0.24303,0.19573,0.29728,0.029817,-0.010054,0.15758,0.11744,0.36969,0.18752,0.047881,0.11277,0.12231,0.093727,0.15159,0.1095,0.35896,0.17683
-0.028488,0.26288,0.095748,0.17942,0.16405,0.033023,-0.064609,0.18357,-0.027118,-0.065091,0.25583,-0.024943,0.16628,0.35505,0.10907,0.26825,0.33366,0.0858,0.36498,0.12417,1,0.20037,0.24102,0.1395,0.042321,0.239,0.23823,0.048133,0.15474,0.2188,0.017127,0.11758,0.15841,0.17445,0.23105,0.19523,0.30436,0.44044,0.2572,0.17678,0.095313,-0.12264,0.22376,0.13487,0.2096,0.24202,0.21647,0.24072,0.17799,0.35101,0.080009,0.19418,0.34308,0.2731,0.013694,0.057331,0.098592,0.14811,-0.0048156,0.15687,0.31084,0.2015,-0.1837,0.062615,0.19191,0.16853,-0.058323,0.27266,0.062524,0.13789,-0.18086,0.061467,0.16059,0.31513,0.22731,0.25642,0.022746,0.0056826,0.30105,0.36122,0.27391,0.05299,0.31386,0.23613,0.20487,0.24502,0.0011938,0.064323,0.23512,0.18164,-0.058535,0.063811,0.086925,0.14703,0.20294,0.17373,0.25277,0.20754,-0.095018,0.024184,0.019619,0.25069,0.08622,0.20423,0.11905,0.043894,0.098369,0.15447,-0.12082,-0.011634,0.22661,0.20201,0.11728,0.35347,0.22958,0.28903,0.36375,0.03032,0.36018,0.24472,0.22541,0.12769,0.2547,0.24487,0.014881,0.22537,0.18217,0.045233,0.12967,0.29807,0.10125,0.2201,0.20345,0.14227,0.15135,0.20314,0.30348,0.30071,0.31064,0.10248,-0.016863,-0.074699,0.2094,0.15071,0.27642,0.26114,0.19989,0.20206,0.23175,0.30168,0.029156,0.1836,0.30799,0.21533,0.18109,0.28075,0.13096,0.16635,0.10745,0.24883,0.27478,0.18017,-0.12306,-0.059836,0.18691,0.15765,0.32172,0.25585,0.030385,0.15507,-0.092854,0.091569,0.21788,0.25194,0.18391,0.25725,0.034626,0.055827,0.32185,0.31209,0.26696,-0.020563,0.28504,0.1985,0.19412,0.26658,-0.015025,0.0062903,0.21289,0.19098,0.12674,0.060541,0.055112,0.16742,0.21556,0.14384,0.22728,0.18541,-0.0094778,0.12646
0.057139,0.19672,0.11893,0.20853,0.15757,0.13284,0.085845,0.16729,0.063915,0.019692,0.19977,0.10152,0.15132,0.22703,0.18031,0.17283,0.22126,0.079883,0.2095,0.18547,0.20037,1,0.17156,0.17807,0.11093,0.12778,0.16201,0.074939,0.19239,0.20747,0.052583,0.11542,0.19503,0.20395,0.13923,0.13807,0.17768,0.26756,0.18918,0.17909,0.065922,0.0030329,0.17588,0.15201,0.20789,0.21062,0.19237,0.19509,0.15834,0.24895,0.1119,0.16877,0.22058,0.18559,0.14154,0.12754,0.095411,0.11292,0.092634,0.17624,0.19991,0.15171,0.0082465,0.1315,0.16652,0.14707,0.061037,0.15813,0.068873,0.097726,0.019514,0.11927,0.14082,0.201,0.17767,0.19624,0.067174,0.076384,0.21396,0.2366,0.18067,0.072549,0.22255,0.18853,0.20696,0.21451,0.030474,0.25604,0.18726,0.16167,0.092308,0.16107,0.096366,0.09875,0.16742,0.14385,0.18863,0.14442,0.06213,0.11319,0.047997,0.16423,0.066223,0.19527,0.12261,0.15774,0.13656,0.14808,-0.0026954,0.042001,0.18864,0.22853,0.11367,0.24348,0.20406,0.17165,0.23686,0.07678,0.22099,0.21475,0.1677,0.068135,0.17169,0.21258,0.091434,0.12782,0.12064,0.049115,0.14632,0.22563,0.076472,0.17848,0.19354,0.14355,0.095971,0.15599,0.17252,0.22417,0.21742,0.09228,0.045844,-0.011376,0.18776,0.17583,0.20694,0.20763,0.19864,0.1819,0.16136,0.19582,0.09356,0.17421,0.23034,0.16213,0.17807,0.19531,0.10904,0.12984,0.11926,0.19487,0.16469,0.10895,-0.013951,0.040549,0.16337,0.13604,0.19959,0.16484,0.016493,0.11597,0.049964,0.10054,0.186,0.16387,0.14933,0.18484,0.053182,0.062296,0.2297,0.25054,0.18703,0.033188,0.22243,0.16273,0.18571,0.24206,0.013289,-0.014296,0.18239,0.16394,0.14221,0.11346,0.065999,0.13632,0.14452,0.12927,0.16168,0.15467,0.10156,0.10559
0.26366,0.33362,0.17354,0.38003,0.29178,0.093883,0.013042,0.18316,0.09945,0.080774,0.55438,0.037362,0.23749,0.40247,0.33372,0.60583,0.31441,0.16431,0.31815,0.12134,0.24102,0.17156,1,0.15686,0.12745,0.34014,0.5143,0.35552,0.14812,0.12355,0.30872,0.29394,0.27113,0.34922,0.44548,0.59864,0.22996,0.27074,0.662,0.52809,0.11142,0.040242,0.4303,0.13992,0.41451,0.22543,0.48272,0.46583,0.27708,0.38542,-0.06228,0.39496,0.43465,0.46184,0.10638,0.11249,0.50939,0.58374,0.077239,0.17616,0.52206,0.62853,0.10631,0.19421,0.54823,0.45889,0.18799,0.67327,0.39489,0.49769,0.0060455,0.16069,0.56569,0.57061,0.45653,0.54049,0.17731,0.17266,0.31055,0.31987,0.49646,0.28297,0.43446,0.31972,0.50591,0.46774,0.098914,0.012174,0.53034,0.52815,0.15499,0.43016,0.41973,0.55759,0.72341,0.66244,0.52834,0.5403,0.073009,0.16505,0.29361,0.28467,0.18474,0.41726,0.31019,0.07518,0.12145,0.12943,0.066157,0.13433,0.49812,0.19974,0.23934,0.39293,0.36022,0.62134,0.39613,0.13792,0.35325,0.1913,0.14145,0.064335,0.7616,0.17319,0.048662,0.383,0.47421,0.34164,0.13836,0.16867,0.45542,0.43026,0.268,0.40759,0.43357,0.6111,0.23738,0.19405,0.67603,0.47309,0.056073,0.040492,0.45419,0.31094,0.45847,0.28591,0.45637,0.50342,0.30193,0.34737,-0.065096,0.39842,0.5129,0.47171,0.12393,0.19722,0.48007,0.56405,0.13797,0.27265,0.58799,0.59458,0.083267,0.16322,0.54898,0.42485,0.43527,0.63876,0.33141,0.5583,0.018869,0.17338,0.62452,0.52711,0.40699,0.55911,0.184,0.20932,0.34658,0.30172,0.45309,0.22096,0.36642,0.29328,0.50318,0.41642,0.090976,0.0072965,0.51276,0.52557,0.19073,0.32458,0.41247,0.51258,0.65704,0.63497,0.50077,0.55009,0.11444,0.15048
0.21841,0.048354,0.17234,0.45274,0.19323,0.56985,0.32592,0.061769,0.24335,0.081207,0.19517,0.22071,0.17958,0.32732,0.58889,0.022569,0.4409,0.12522,0.29642,0.35249,0.1395,0.17807,0.15686,1,0.59083,0.016926,0.097109,0.16831,0.71124,0.79246,0.00023957,0.14426,0.44517,0.41955,0.053315,0.041807,0.096788,0.51352,0.20479,0.36355,0.090662,0.084667,0.094528,0.032206,0.41691,0.6468,0.20475,0.24276,0.14877,0.22322,0.13763,0.11389,0.29047,0.14883,0.66318,0.77601,0.1035,0.12507,0.31529,0.31549,0.33395,0.17407,0.18913,0.50845,0.25782,0.20723,0.22499,0.024835,0.1856,0.1027,0.4214,0.62223,0.15527,0.081113,0.14376,0.20205,0.0115,0.089604,0.35799,0.45581,0.091507,0.11584,0.10515,0.13091,0.25928,0.32317,0.067053,0.096566,0.28671,0.18734,0.60455,0.4276,0.1613,0.13095,0.24424,0.24392,0.22932,0.18365,0.16845,0.29877,0.15077,0.011901,0.16163,0.32927,0.14062,0.54357,0.12354,0.0452,0.19533,0.11201,0.18934,0.25061,0.12314,0.32414,0.46392,0.0062851,0.21928,0.12618,0.23038,0.22323,0.33647,0.034485,0.16894,0.66527,0.45149,-0.040265,0.087892,0.15664,0.41335,0.47889,0.0021026,0.12175,0.32219,0.33682,0.026826,0.099145,0.10257,0.58526,0.21291,0.19982,0.092907,0.020381,0.13191,0.10231,0.26963,0.4738,0.18599,0.20567,0.16752,0.17727,0.070325,0.10264,0.20982,0.053837,0.58074,0.47745,0.21214,0.16979,0.23234,0.11542,0.10593,0.11635,0.16598,0.30491,0.26628,0.19858,-0.035288,0.023045,0.12265,0.12753,0.37569,0.54832,0.21149,0.047463,0.091071,0.17239,0.044337,0.039228,0.33731,0.52979,0.085572,0.044802,0.11454,0.13885,0.20876,0.29123,0.085686,-0.0054597,0.23351,0.19609,0.47316,0.28636,0.1704,0.1566,0.21336,0.2446,0.19469,0.19923,0.21389,0.15642
