1,0.052264,0.06283,0.27566,0.12061,0.36,0.50165,-0.084828,0.30542,0.16975,0.07982,0.30215,0.31059,0.11194,0.77434,0.11082,0.31853,0.10346,0.1406,0.061793,0.013568,0.036474,0.12837,0.32373,0.22499,0.12669,0.11266,0.1235,0.1997,0.26927,0.14864,0.17249,0.38326,0.1705,0.029044,0.15451,0.15953,0.087629,0.25377,0.41609,0.25406,0.37228,0.10112,0.20691,0.38859,0.28538,0.15491,0.21441,0.14659,0.10772,0.18698,0.1545,0.11082,0.078502,0.55273,0.39587,0.064051,0.073679,0.57347,0.23091,0.05752,0.32404,0.42328,0.33814,0.23674,0.19752,0.6922,0.16816,0.10418,0.047709,0.37764,-0.008875,0.059212,0.051334,0.12423,0.16402,0.33265,0.33536,0.27173,0.19665,0.044084,0.43941,0.094434,0.10319,0.17078,0.2419,0.017147,0.080314,0.21398,0.154,0.49852,0.48087,0.097955,0.097579,0.11556,0.089999,0.14314,0.15609,0.17727,-0.099829,0.45439,0.034893,0.036928,0.1458,0.099727,0.38266,0.26898,-0.0060643,-0.0007644,0.18193,0.083908,0.24532,0.10496,-0.017925,0.48881,-0.016304,0.098189,0.11356,0.035695,0.049021,-0.065283,0.012989,0.057649,0.17553,0.23581,0.068833,0.096961,0.12134,0.17155,0.16414,0.094201,0.17657,0.30862,0.17699,0.058021,0.17207,0.044808,0.16595,0.093291,0.23401,0.1113,0.35079,0.10554,0.18462,0.29795,0.26383,0.13786,0.080768,0.15156,0.17491,0.18891,0.15647,0.0063245,0.079272,0.44442,0.18672,0.042209,0.044888,0.33648,0.19547,-0.011045,0.10792,0.36214,0.36785,0.15978,0.16965,0.28737,0.088045,0.092093,0.085621,0.32991,0.082352,0.059856,-0.023671,0.10086,0.1647,0.26756,0.27039,0.188,0.10938,0.045467,0.40712,0.0050498,0.080683,0.15945,0.26032,-0.028257,0.019747,0.23244,0.15822,0.45668,0.4956,0.077613,0.12103,0.06934,0.07134,0.21778,0.17707,-0.0096095,0.10693
0.052264,1,0.017167,0.058885,0.02992,-0.13127,-0.036462,0.12091,-0.033272,-0.074573,0.20493,0.11846,-0.013304,0.053719,0.028303,0.41463,0.15981,0.0057973,0.17843,0.30154,0.14,0.023381,0.35437,-0.047882,0.0097613,0.26493,0.3152,0.13153,0.22823,-0.017197,0.20355,0.33447,0.019268,0.077895,0.16804,0.28707,0.36233,0.22402,0.3002,0.22748,-0.012215,-0.017676,0.21978,0.096567,0.16708,0.16704,0.15243,0.1924,0.2638,0.25886,0.018058,0.18586,0.20685,0.29757,-0.064739,-0.035727,0.19018,0.23644,0.031487,0.19708,0.22786,0.28821,-0.075311,-0.1203,0.27973,0.20277,0.10249,0.39793,0.12384,0.22095,-0.095854,0.04532,0.19393,0.31655,0.24948,0.30699,0.16553,0.051836,0.079293,0.041375,0.25861,0.021895,0.31907,0.18867,0.35296,0.27213,0.007554,0.0041185,0.21794,0.2341,-0.12348,-0.10559,0.13099,0.22804,0.29507,0.26979,0.29818,0.28618,-0.011488,0.026199,0.15685,0.26869,0.045819,0.068068,0.0054167,-0.12781,0.065793,0.10935,0.031983,0.046627,0.24222,0.11655,0.043655,0.059373,0.11026,0.38108,0.20064,-0.040996,0.13917,0.22409,0.09061,0.11725,0.37876,0.03351,0.0050097,0.27052,0.29549,0.10733,0.13615,0.07124,0.26405,0.30977,0.050717,0.10698,0.073223,0.23597,0.32781,0.11506,0.30996,0.24644,-0.021429,0.068035,0.20189,0.12056,0.18524,0.1318,0.12517,0.16577,0.19751,0.23012,0.028892,0.22405,0.22558,0.2719,-0.042536,-0.03336,0.11837,0.20184,0.072466,0.18594,0.25814,0.35958,-0.031539,-0.092491,0.2876,0.18956,0.29356,0.35964,0.11853,0.14054,-0.11409,-0.050741,0.20472,0.26346,0.21308,0.28742,0.13992,0.043962,0.095177,-0.0023793,0.28851,-0.012562,0.25923,0.17452,0.36788,0.2318,-0.017729,0.0042085,0.19584,0.21127,-0.014834,0.078217,0.10107,0.20356,0.26367,0.27666,0.29647,0.3113,0.11244,-0.03183
0.06283,0.017167,1,0.10068,0.14572,0.14607,0.068705,0.036685,0.031023,0.13264,0.025202,0.092287,0.13181,0.1349,0.11309,-0.010945,0.063532,0.084842,0.080399,0.03441,-0.0011665,0.022714,0.0041649,0.11404,0.093601,0.0032598,0.0091685,0.052473,-0.06041,0.044983,0.0087839,0.030381,0.11991,0.09947,0.046269,0.020202,-0.050369,0.062591,0.019596,0.057361,0.06032,0.049899,-0.0051832,0.042661,0.074583,0.040768,0.080419,0.05423,-0.0059542,0.045422,0.080062,0.024784,0.05724,0.022107,0.106,0.12695,0.015888,0.019339,0.059939,0.02127,0.048443,0.00090753,0.10262,0.15951,0.039905,0.059694,-0.017408,-0.032389,0.070808,0.026543,0.083511,0.066179,0.0078333,-0.010159,-0.00066522,-0.014253,0.041204,0.08015,0.10505,0.097739,-0.0062575,0.1116,-0.0081538,0.033047,-0.031558,0.04761,0.028344,0.064948,0.048446,0.0077576,0.11512,0.17339,0.065815,0.016401,0.023987,0.043987,-0.036621,-0.022522,0.093052,0.09385,0.020814,0.031064,0.049634,0.09634,0.067239,0.10253,0.043372,0.0094147,0.0069545,0.038564,0.009584,0.04519,0.08948,0.11548,0.03972,-0.03325,0.013963,0.071858,0.049255,0.011487,0.03199,0.014133,-0.0003894,0.072898,0.040072,0.02307,0.020858,0.072026,-0.066629,0.020238,0.034463,0.021479,0.093781,0.099366,0.021634,0.031969,-0.067176,0.029439,-0.011756,0.0067089,0.087255,0.072413,0.0018482,-1.6743e-05,0.045095,0.025067,0.066807,0.050424,0.012008,0.029393,0.03934,-0.012822,0.0090105,0.033068,0.087943,0.090381,0.039386,0.028829,0.05812,-0.048925,0.053156,-0.027965,0.029496,0.11029,0.0017803,0.019733,-0.056322,-0.024186,0.073465,0.0628,0.1319,0.05668,0.014575,-0.015043,0.0094409,-0.019741,0.017856,0.058347,0.084262,0.087108,-0.02506,0.072373,-0.035387,-0.0096247,-0.027752,0.043697,0.02889,0.014062,0.038738,0.021606,0.026955,0.11714,0.065675,0.029059,0.033734,0.034759,-0.023144,-0.018939,0.055426,0.049924
0.27566,0.058885,0.10068,1,0.32622,0.15898,0.067268,0.11974,0.13121,0.10614,0.05566,0.063475,0.18932,0.2115,0.34747,-0.00478,0.039547,0.28297,0.15857,0.17771,-0.08412,0.015595,0.061497,0.35725,0.36255,0.015589,0.030699,0.071281,0.044734,0.21849,0.04784,0.11306,0.60463,0.58358,0.05798,0.12929,0.065966,0.11863,0.13869,0.25231,0.050409,0.099961,0.10049,0.29357,0.33776,0.47784,0.1907,0.24332,0.078044,0.17196,0.27469,0.18379,0.12676,0.042089,0.28179,0.44806,0.098702,0.093474,0.03898,0.012251,0.0087156,0.048835,0.23781,0.38937,0.32516,0.19538,0.040274,-0.075633,0.069191,0.038422,0.1609,0.31594,0.01344,-0.081267,0.11379,0.11695,0.083657,0.14104,0.3966,0.23629,0.051414,0.2905,-0.072311,0.014193,0.15196,0.24138,0.048846,0.10073,0.20612,0.14005,0.44277,0.50588,0.061721,0.055821,0.11528,0.099888,0.1084,0.17256,0.21405,0.32476,0.11053,0.022183,0.12891,0.5139,0.30687,0.16788,-0.058625,0.095146,0.15073,0.032984,0.078188,0.068524,0.13176,0.179,0.27624,-0.030743,-0.0017447,0.28209,0.1139,0.17009,0.033073,0.0021497,0.059619,0.29633,0.33027,0.022674,0.035625,0.08946,0.086952,0.081683,0.033232,0.097582,0.53854,0.51282,0.026054,0.14565,0.061376,0.16123,0.073595,0.21896,0.086542,0.11434,0.12722,0.21897,0.36708,0.39932,0.13073,0.15332,0.12551,0.20114,0.2028,0.11396,0.036089,0.053075,0.32669,0.38583,0.095136,0.10883,0.065663,-0.038832,0.05666,0.054911,0.10813,0.39207,0.17328,0.14845,-0.098175,-0.060444,0.047427,0.10134,0.2713,0.30745,0.026794,-0.09984,0.090153,0.099202,0.071068,0.10358,0.39332,0.26169,0.029778,0.29265,-0.077804,0.040048,0.14131,0.25916,0.029216,-0.0087963,0.25269,0.10641,0.26256,0.414,0.057516,0.1421,0.095977,0.10285,0.13146,0.22065,0.30458,0.3153
0.12061,0.02992,0.14572,0.32622,1,0.16238,0.069197,0.079942,0.056424,0.10855,0.030476,0.054075,0.27521,0.19659,0.23437,-0.010289,0.05813,0.18785,0.18536,0.06773,-0.021947,0.046434,0.014587,0.21964,0.23322,0.076412,-0.019052,0.017236,-0.087854,0.13023,-0.029117,0.069386,0.3227,0.41222,0.066726,0.047277,0.029185,0.14762,0.029858,0.069981,0.038233,0.053737,0.049639,0.1494,0.27636,0.24585,0.1637,0.1522,0.0012439,0.092566,0.1303,0.070808,0.11245,0.062794,0.16474,0.30825,0.0068323,0.016602,0.053548,-0.0067476,0.042971,0.020788,0.063495,0.20739,0.22609,0.20108,-0.064736,-0.034245,0.055096,0.027929,0.064587,0.18779,0.0042359,-0.022851,0.077409,0.072772,0.0079033,0.090326,0.41338,0.24196,0.015485,0.13779,-0.020784,0.023946,0.054559,0.13121,0.059991,0.096858,0.13987,0.099365,0.20863,0.35964,0.0016229,0.0086564,0.055465,0.039633,0.0072421,0.092571,0.1465,0.19192,0.050525,0.041343,0.094459,0.32482,0.30365,0.12656,0.0357,0.058818,0.056286,0.02206,0.030382,0.033138,0.1694,0.15851,0.18497,-0.022991,-0.016455,0.19433,0.16081,0.037106,-0.0051541,0.016931,0.013353,0.14006,0.158,0.060268,0.02385,0.03535,-0.051542,0.032816,0.023824,0.056358,0.30043,0.41391,0.010318,0.080748,-0.022648,0.069207,0.0055397,0.054379,0.062207,0.06269,0.028656,0.060636,0.24104,0.21684,0.14712,0.078707,0.03261,0.096924,0.059397,0.016793,0.029576,0.073522,0.23324,0.2674,0.0042895,0.035184,0.13511,-0.073085,0.077259,0.03315,-0.008474,0.21382,0.14113,0.11811,-0.052866,-0.026508,0.046021,0.06133,0.16002,0.18901,0.0035304,-0.039961,0.034339,0.050475,0.0015549,0.060422,0.36022,0.21499,0.0055786,0.1377,-0.049479,0.024291,0.039121,0.12292,0.06292,-0.0024108,0.15882,0.065363,0.044037,0.31579,0.013593,0.079354,0.025615,0.045235,0.011448,0.1074,0.1926,0.16848
0.36,-0.13127,0.14607,0.15898,0.16238,1,0.62668,-0.10064,0.2762,0.2344,-0.052157,0.30047,0.31724,0.37245,0.43671,-0.14085,0.24721,0.13901,0.11757,-0.03954,0.062764,0.066405,-0.18914,0.42105,0.29749,-0.077217,-0.15548,0.020111,-0.14756,0.41522,-0.052132,-0.027089,0.19359,0.081312,-0.017275,-0.04245,-0.2456,0.21795,-0.052632,0.066842,0.25989,0.26144,-0.035914,0.1942,0.058986,-0.082597,0.11942,0.12237,-0.10747,-0.030447,0.22969,0.024188,0.11016,-0.077162,0.55968,0.43847,-0.082218,-0.1285,0.49994,0.14982,0.030262,0.014687,0.37644,0.39934,-0.020638,-0.01294,0.21647,-0.18524,0.063154,-0.084248,0.45902,0.10641,-0.072072,-0.1423,-0.036273,-0.13865,0.09468,0.20231,0.14748,0.28779,-0.12747,0.29863,-0.086489,-0.04377,-0.17784,-0.0043421,0.027524,0.11319,0.09152,-0.027062,0.49428,0.41206,0.0051832,-0.056746,-0.096234,-0.09687,-0.1481,-0.14682,0.26351,0.13545,-0.018755,-0.034052,0.088225,-0.027303,0.061929,0.5151,0.26513,-0.12533,-0.066073,0.079229,-0.056088,0.14584,0.14324,0.19992,0.054034,-0.21784,-0.02806,0.13553,0.032752,-0.16683,-0.0023568,-0.019554,-0.21798,0.11747,0.092091,-0.13006,-0.097015,0.025778,-0.26791,0.10482,-0.075564,-0.057715,-0.018342,0.0025429,0.025114,0.0063105,-0.37638,0.063219,-0.14806,-0.047329,0.11294,0.095472,-0.0045777,0.10592,-0.098271,-0.18632,0.099746,0.079295,-0.12728,-0.093033,0.18067,-0.016815,-0.08195,-0.08698,0.32368,0.17818,-0.022718,-0.083393,0.28757,-0.05898,-0.012594,-0.13398,0.10881,0.21311,-0.11738,-0.033956,-0.16214,-0.18005,0.031845,0.0050518,0.39851,0.019393,-0.095286,-0.18785,-0.018559,-0.12198,0.0097297,0.10354,0.041593,0.19888,-0.14041,0.14393,-0.17977,-0.095699,-0.19854,0.036433,-0.0081575,-0.0093169,0.10612,-0.061501,0.13701,0.15806,0.026295,-0.027603,-0.08884,-0.10356,-0.093367,-0.1893,-0.14114,0.039809
0.50165,-0.036462,0.068705,0.067268,0.069197,0.62668,1,-0.11526,0.32758,0.17782,-0.025396,0.4431,0.26422,0.20696,0.51796,-0.013591,0.32631,0.082918,0.10344,0.082243,0.091192,0.099296,-0.092613,0.32562,0.18778,0.048837,-0.054614,0.023764,0.074134,0.38419,0.031825,0.10672,0.1455,-0.015481,-0.0044403,-0.012158,-0.042933,0.23284,0.0045622,0.13427,0.23885,0.30559,-0.037314,0.1478,0.10398,-0.04398,0.071112,0.094737,0.0027099,0.013785,0.15275,0.0093611,0.10618,-0.00013092,0.60247,0.32648,-0.068418,-0.071779,0.61006,0.36963,0.079748,0.15816,0.35835,0.29931,0.038189,0.039331,0.48542,0.0020021,0.057848,-0.028572,0.49025,-0.0033052,-0.016126,-0.016692,-0.012747,-0.053019,0.1954,0.23655,0.081644,0.19253,-0.084359,0.29425,0.099309,0.03257,-0.051504,0.038838,0.023226,0.099976,0.10982,0.00034686,0.42042,0.31824,0.025716,-0.019414,-0.058453,-0.076981,-0.043952,-0.047362,0.25273,-0.022204,0.098485,0.0048264,0.050847,-0.10967,-0.043295,0.4493,0.3867,-0.11626,-0.10089,0.1022,-0.038994,0.26247,0.072689,0.035031,0.12524,-0.11755,0.035937,0.018214,-0.0028988,-0.085139,-0.04108,-5.336e-05,-0.13706,0.076518,0.021616,-0.036135,-0.020663,0.033793,-0.098361,0.1528,-0.026289,0.077835,-0.043429,-0.056602,0.01917,0.0079707,-0.23621,0.10949,-0.089546,-0.061234,0.061567,0.1383,-0.023907,0.086991,-0.06303,-0.12988,0.065354,0.032555,-0.038071,-0.043271,0.14852,0.012023,-0.061631,-0.016459,0.31322,0.052464,-0.024302,-0.063429,0.3353,0.13602,-0.030073,-0.065554,0.18669,0.12997,-0.038555,-0.0028691,0.078329,-0.038789,0.017263,-0.0034336,0.341,-0.044982,-0.027345,-0.079722,-0.013286,-0.033687,0.081761,0.099993,-0.037425,0.089505,-0.0973,0.11671,-0.035508,-0.046811,-0.073824,0.079293,-0.013797,-0.0038806,0.11134,-0.010333,0.19855,0.144,0.023293,-0.007083,-0.069718,-0.087074,0.0073274,-0.10426,-0.17866,-0.023259
-0.084828,0.12091,0.036685,0.11974,0.079942,-0.10064,-0.11526,1,0.064443,0.033647,0.064365,0.10796,-0.055993,-0.12262,-0.1298,-0.025958,-0.21288,0.26413,-0.12755,0.23878,0.00055123,0.0013736,0.059381,-0.17366,0.079987,0.0088756,0.076935,0.066976,0.12745,-0.12826,0.039145,0.056654,0.074598,0.15636,-0.010846,0.018685,0.12106,-0.096231,0.1159,0.1002,-0.07881,-0.020782,0.055172,0.01848,0.048163,0.10894,0.0076989,0.031791,0.030095,0.050822,0.013071,0.024279,-0.13229,-0.016272,-0.099727,-0.049028,0.063654,0.06284,-0.11993,-0.027003,-0.094055,-0.037862,0.065549,0.12404,0.059682,0.035762,-0.068596,-0.04754,0.027261,0.03691,0.066386,0.24834,0.053978,-0.008532,-0.0098778,0.027778,0.0616,0.077667,0.039452,-0.13242,0.099186,0.12251,0.0016512,0.12731,0.040087,0.051817,0.15066,0.018488,0.032726,0.0011417,0.034934,0.043346,0.049379,0.031851,0.073606,0.063444,0.049228,0.042689,0.281,0.36943,0.01828,0.094921,0.063538,0.17534,0.071796,-0.091145,-0.10753,0.28938,0.10106,0.026237,0.069199,-0.020573,-0.024971,-0.043338,-0.059833,-0.0030052,-0.12307,0.19419,-0.099918,0.17977,0.052469,0.010966,0.084655,-0.14253,0.055325,-0.00055908,0.097151,0.07639,0.017981,-0.185,0.046762,0.0051267,0.10034,0.16225,0.026742,0.0090723,0.095302,-0.14228,0.085395,0.096088,-0.043031,-0.018414,0.069194,0.025127,0.071405,0.054389,-0.00019593,0.024823,0.03868,0.097099,0.024298,0.028464,-0.08412,0.070745,-0.094153,-0.045487,0.079119,0.055165,-0.15296,-0.016988,-0.039382,0.044383,-0.012967,0.1249,0.024155,0.0045552,-0.081204,-0.0087672,0.0085188,0.084184,0.090823,0.19382,0.073242,-0.0021174,-0.0035107,0.014121,0.065645,0.065214,0.061764,-0.1235,0.065086,0.1213,0.023126,0.10293,0.062582,0.077598,0.070904,0.033749,-0.011064,-0.010043,-0.028371,0.056761,0.10077,0.08245,0.04911,0.062174,0.045942,0.033878,0.36844,0.20391
0.30542,-0.033272,0.031023,0.13121,0.056424,0.2762,0.32758,0.064443,1,0.16932,-0.015295,0.26917,0.073829,-0.065721,0.28043,-0.11208,-0.039519,0.16871,-0.12725,0.1049,-0.048071,0.0036382,-0.04575,0.023284,0.22474,-0.035379,-0.051952,0.05316,0.16986,0.056341,0.033049,0.04033,0.1852,0.07408,-0.038115,-0.013654,0.0081713,-0.12147,0.054258,0.1626,0.085515,0.23225,0.0036842,0.089202,0.095821,0.058299,-0.0078496,0.041953,-0.0030102,-0.051068,0.10941,0.011097,-0.13633,-0.1049,0.34619,0.19972,0.0027633,-0.0099321,0.24966,0.098351,-0.10857,0.028178,0.39327,0.37322,-0.010603,-0.02005,0.33396,-0.12962,0.055241,-0.014705,0.45217,0.15477,-0.021467,-0.11868,-0.075981,-0.086128,0.16049,0.2211,0.031588,-0.046334,-0.052191,0.34815,-0.084906,0.055085,-0.054426,0.023052,0.050519,0.074754,0.011732,-0.029295,0.39841,0.28888,0.06156,-0.016441,-0.0012785,-0.013126,-0.0088006,-0.044851,0.35446,0.1823,0.097995,0.017103,0.031906,0.036427,0.011436,0.27457,0.069289,0.084436,-0.0055055,0.091583,-0.014445,0.11713,-0.033787,-0.0907,0.044566,-0.14368,-0.1249,0.177,-0.15756,0.013336,-0.068723,-0.064714,-0.067417,-0.070586,0.15193,-0.06723,-0.017542,0.07886,-0.001632,-0.072614,-0.021133,-0.013587,0.065925,0.033167,0.035272,0.020874,-0.10326,-0.089593,-0.071365,0.022682,0.019599,0.11163,0.047829,0.10046,-0.01769,-0.0020264,-0.0039497,0.011895,-0.0066646,-0.016237,0.15,0.021341,-0.16752,-0.026502,0.17252,0.017031,0.032516,-0.0093437,0.040377,0.041423,-0.10571,-0.051912,0.25163,0.2505,-0.038164,-0.041057,-0.053732,-0.11824,0.044168,0.071771,0.38135,0.20645,0.0068983,-0.14293,-0.049902,-0.058199,0.10963,0.15182,-0.02235,-0.092748,-0.075264,0.2224,-0.12754,-0.00043888,-0.054195,0.059318,0.02591,0.00022405,0.027287,-0.036282,0.26044,0.15683,0.088255,0.045319,-0.016524,-0.0095586,-0.0030741,-0.073668,0.10351,0.19554
0.16975,-0.074573,0.13264,0.10614,0.10855,0.2344,0.17782,0.033647,0.16932,1,0.0059111,0.11028,0.14695,0.03362,0.17338,-0.090073,-0.057337,0.15167,-0.069589,-0.065267,-0.088777,-0.0023335,-0.036653,0.044336,0.15716,-0.011284,-0.074393,0.061961,-0.12391,-0.016285,0.0050258,-0.0074563,0.13983,0.079751,-0.0018196,-0.034332,-0.11738,-0.10256,0.0047072,0.078169,0.056214,0.18727,-0.050007,0.0031131,0.071152,-0.017541,0.024902,-0.0026612,-0.088843,-0.076573,0.049535,-0.017308,-0.074605,-0.073837,0.21516,0.15618,-0.0035757,-0.009466,0.18355,-0.016733,-0.033345,0.0097761,0.27017,0.31916,-0.044987,-0.01524,0.090087,-0.12378,0.051899,-0.026173,0.28912,0.084751,0.0026748,-0.093082,-0.06956,-0.1171,0.086964,0.20612,0.067778,0.019536,-0.053842,0.29947,-0.11332,0.058572,-0.11061,-0.036512,0.04993,0.067086,-0.018542,-0.064785,0.25737,0.31043,0.046857,0.0019527,0.0045189,0.029775,-0.093929,-0.085381,0.22395,0.10597,-0.019643,-0.0048598,0.081275,0.056486,0.09247,0.18096,-0.012918,0.012146,-0.038486,0.088776,-0.024123,0.0035072,0.061483,-0.019361,-0.036185,-0.12805,-0.15623,0.14589,-0.09338,-0.14324,-0.132,-0.029538,-0.047243,-0.088194,0.07436,-0.07434,-0.031715,0.067093,-0.19567,-0.16794,-0.01767,-0.088642,0.073565,0.078281,0.0093088,0.026585,-0.21164,-0.13992,-0.092555,0.013564,0.06672,0.059293,-0.046214,-0.025425,-0.032463,-0.064617,-0.015326,-0.021305,-0.07729,-0.075488,0.024797,-0.05381,-0.13665,-0.0093831,0.078756,0.028209,0.034314,0.00040428,0.017821,-0.085196,-0.042742,-0.036474,0.13588,0.22957,-0.056282,-0.027105,-0.16117,-0.12712,0.048133,0.054233,0.23157,0.158,-0.022704,-0.089065,-0.065687,-0.093356,0.059779,0.14269,0.014104,-0.023911,-0.063453,0.19637,-0.13123,-0.00036276,-0.11618,-0.017466,0.05388,0.034674,-0.022425,-0.049304,0.054293,0.13711,0.068021,0.031798,-0.0098306,0.028648,-0.075036,-0.10489,0.025002,0.093461
0.07982,0.20493,0.025202,0.05566,0.030476,-0.052157,-0.025396,0.064365,-0.015295,0.0059111,1,0.065769,0.02312,0.10104,0.016763,0.2622,0.081499,0.040031,0.10662,0.12653,0.011736,0.0022358,0.37702,-0.029405,0.06433,0.19386,0.35553,0.39395,0.089229,-0.022792,0.28108,0.25209,0.026065,0.038936,0.20592,0.37914,0.16895,0.071281,0.54533,0.43017,-0.0082749,0.017093,0.29951,0.12292,0.17537,0.072873,0.18567,0.23674,0.17742,0.14243,0.072307,0.2609,0.14714,0.25273,0.0040022,0.024373,0.33559,0.35561,0.059025,0.072718,0.1792,0.24142,0.0033527,-0.014923,0.18083,0.17098,0.030616,0.30771,0.31211,0.289,-0.0085352,0.06294,0.39576,0.24329,0.27301,0.23907,0.18788,0.063922,0.051144,0.079635,0.41936,0.11769,0.16753,0.15049,0.23896,0.26134,0.013081,0.02559,0.24306,0.21928,-0.051039,-0.0010688,0.34271,0.34745,0.38531,0.35083,0.24126,0.21639,0.0042416,0.050116,0.1758,0.12551,0.054202,0.051751,0.003992,-0.063649,0.01154,0.067928,0.046899,0.047623,0.4658,0.033958,0.055187,0.086876,0.089671,0.21661,0.10286,0.038319,0.12413,0.13827,0.048027,0.059622,0.38957,0.0098927,0.065651,0.19462,0.31468,0.35653,0.058399,0.0042782,0.29506,0.2119,0.035333,0.093015,0.16288,0.36735,0.13596,0.04418,0.47376,0.43665,-0.0015542,0.04327,0.26443,0.13325,0.17545,0.045426,0.17892,0.21819,0.13665,0.16007,0.067424,0.26133,0.17101,0.28838,0.048003,0.024514,0.31526,0.30416,0.049744,0.082404,0.26068,0.28832,0.0069614,-0.018196,0.17641,0.19164,0.11613,0.28386,0.24143,0.27996,-0.025342,0.0072457,0.27977,0.17719,0.24158,0.22651,0.13977,0.062623,0.082041,0.044403,0.38402,0.073092,0.14278,0.15461,0.30958,0.27382,0.044421,0.033009,0.20802,0.24603,-0.0080594,0.09317,0.32616,0.33968,0.36238,0.33472,0.31082,0.24788,0.098348,0.017747
0.30215,0.11846,0.092287,0.063475,0.054075,0.30047,0.4431,0.10796,0.26917,0.11028,0.065769,1,0.097447,0.024229,0.2668,0.07461,0.098918,0.14057,-0.0075693,0.2717,0.11964,0.098846,0.056493,0.0071137,0.13793,0.11075,0.064002,0.054349,0.25426,0.10342,0.078666,0.15905,0.098087,0.046781,0.0082065,0.030451,0.1841,0.089292,0.11736,0.19407,0.1108,0.2076,0.062597,0.097831,0.13563,0.057335,0.072479,0.11545,0.12809,0.09047,0.084102,0.068823,-0.010688,0.042511,0.31292,0.11207,0.010986,0.020982,0.33471,0.27856,0.036773,0.13133,0.28065,0.24612,0.11058,0.090715,0.38084,0.092324,0.077325,0.010647,0.35057,0.13356,0.039941,0.073401,0.048734,0.07298,0.23744,0.24115,0.063221,0.02324,0.047605,0.2658,0.1669,0.22704,0.072058,0.12471,0.04345,0.080419,0.12835,0.075595,0.24759,0.16906,0.063587,0.05329,0.034658,0.027109,0.097136,0.079531,0.32596,0.15868,0.13624,0.12075,0.044973,-0.014647,-0.023884,0.19406,0.22043,0.092061,-0.021552,0.12045,0.038312,0.23971,0.00070436,-0.063818,0.060207,-0.0028515,-0.026861,0.068049,-0.056074,0.14502,-0.021407,0.017284,0.015854,-0.084661,0.010716,0.032808,0.096591,0.063628,0.014542,-0.013965,0.0764,0.1492,0.0049533,0.028199,0.022221,0.035895,0.0079952,-0.020561,0.041059,0.016438,-0.0080587,0.10219,0.053426,0.08288,0.019049,-0.032822,0.0748,0.072999,0.050811,0.060141,0.10168,0.08393,-0.078747,0.072004,0.12694,-0.071862,2.0626e-05,0.0019725,0.10327,0.15826,-0.011231,0.074295,0.15939,0.097213,0.043603,0.040854,0.12326,0.056476,0.041546,0.064355,0.26371,0.077553,0.037758,0.010132,0.045233,0.087327,0.15128,0.12057,-0.0081605,-0.078484,0.016419,0.11885,0.065626,0.094191,0.066214,0.14186,0.020503,0.011522,0.10393,0.041767,0.14768,0.11718,0.049932,0.056421,0.011937,0.015115,0.12782,0.02152,0.095554,0.069238
0.31059,-0.013304,0.13181,0.18932,0.27521,0.31724,0.26422,-0.055993,0.073829,0.14695,0.02312,0.097447,1,0.36414,0.37101,0.031037,0.28503,0.082843,0.32434,-0.057492,0.053496,0.085934,-0.040298,0.27483,0.090765,0.070752,0.056677,0.053679,-0.11382,0.16637,0.00048246,0.046159,0.25221,0.19451,0.099766,0.052339,-0.042204,0.22182,0.034542,0.080086,0.28184,0.21581,0.008702,0.041008,0.25355,0.084546,0.24776,0.14615,0.026911,0.13793,0.052566,0.047762,0.26299,0.15774,0.26165,0.25984,-0.030484,0.0059428,0.32967,0.082248,0.18195,0.11681,0.095004,0.10683,0.13796,0.16799,0.095205,0.073427,0.057945,0.013655,0.11351,-0.044692,0.03982,0.080757,0.1085,0.082972,0.13724,0.13554,0.37042,0.36367,0.01363,0.15461,0.070069,0.042333,0.0037897,0.13457,0.019103,0.058451,0.17598,0.098832,0.14803,0.32395,0.038477,0.0060405,0.041971,0.037993,-0.028323,0.0036705,0.051273,-0.030278,0.16118,0.048828,0.090078,0.16874,0.20039,0.21765,0.24895,-0.053476,-0.041522,0.070527,0.032534,0.097597,0.30336,0.27863,0.25731,-0.01731,0.13702,0.073592,0.27592,-0.080728,0.039544,0.041336,-0.032606,0.1887,0.016647,0.08235,0.055893,0.048746,-0.12774,0.10907,0.034998,0.052386,0.21326,0.20002,0.079484,0.096725,-0.13367,0.12759,0.0165,0.048942,0.11356,0.1848,0.014945,-0.019161,0.15398,0.11345,0.22093,0.13727,0.046993,0.069266,-0.0077491,0.02092,0.1389,0.11058,0.28373,0.18905,0.0014138,0.021934,0.32479,-0.024705,0.16908,0.0019217,0.017679,0.14137,0.081357,0.16671,0.064242,0.067973,0.055028,0.030097,0.12263,-0.0459,0.026959,0.030165,0.079122,0.087035,0.082267,0.13109,0.26623,0.32941,0.019306,0.13973,-0.02192,0.031176,0.010222,0.11807,0.027741,0.015107,0.1523,0.084212,0.0096747,0.33503,-0.019915,0.044675,0.039545,0.0075012,0.023934,0.049271,-0.045082,0.014395
0.11194,0.053719,0.1349,0.2115,0.19659,0.37245,0.20696,-0.12262,-0.065721,0.03362,0.10104,0.024229,0.36414,1,0.28408,0.13238,0.59949,0.013702,0.62289,0.010342,0.085347,0.10014,0.02085,0.58227,0.20198,0.07981,0.06917,0.098831,-0.23583,0.41317,0.047022,0.077634,0.18632,0.15626,0.22266,0.1806,-0.13278,0.57096,0.09671,0.098984,0.27389,0.01355,0.18342,0.22931,0.1283,0.083808,0.35508,0.37262,0.050724,0.21515,0.22282,0.16629,0.67074,0.33927,0.24351,0.37453,0.11538,0.12727,0.2266,0.090757,0.43091,0.14709,-0.051022,0.028052,0.15906,0.12771,-0.16232,0.10546,0.13419,0.10015,-0.086743,0.053225,0.037753,0.12215,0.23645,0.11834,-0.0067224,0.00012015,0.33264,0.61233,0.066262,-0.03299,0.10209,-0.042878,0.05571,0.23965,-0.022856,0.08599,0.29861,0.19942,0.11674,0.21093,0.088484,0.090384,0.15801,0.12586,0.043309,0.024247,-0.11778,0.037641,-0.029579,0.053461,0.13031,0.11365,0.12947,0.17885,0.21956,-0.17101,-0.017029,0.014521,0.10265,0.097027,0.36033,0.73566,0.18781,0.090045,0.43771,0.0073525,0.55224,0.0038793,0.24983,0.086864,0.010365,0.48863,0.043811,0.1263,0.042012,0.089133,-0.18155,0.3402,0.064897,0.087596,0.10195,0.12808,0.12502,0.17747,-0.1071,0.40021,0.093913,0.11033,0.13777,0.048004,0.18899,0.12099,0.11059,0.049728,0.30912,0.34745,0.040739,0.084649,0.10491,0.086742,0.48695,0.15855,0.31305,0.35601,0.14643,0.1682,0.38859,-0.10254,0.45598,0.064088,-0.17049,-0.063264,0.095762,0.17085,-0.062238,0.10569,0.080313,0.07823,0.014071,-0.17569,0.0012511,0.046102,0.21215,0.12562,-0.068189,-0.039617,0.2654,0.63009,0.10411,-0.061358,0.031131,-0.02976,0.044817,0.21599,-0.031653,-0.029958,0.30057,0.13921,-0.10402,0.18385,0.032628,0.11328,0.21413,0.09078,0.090208,0.080063,-0.15081,-0.096365
0.77434,0.028303,0.11309,0.34747,0.23437,0.43671,0.51796,-0.1298,0.28043,0.17338,0.016763,0.2668,0.37101,0.28408,1,0.075649,0.48341,0.097646,0.28788,0.06285,0.042748,0.068195,0.043303,0.49851,0.31267,0.14174,0.061403,0.042255,0.16955,0.41636,0.04235,0.14454,0.448,0.25052,0.076497,0.082935,0.12887,0.24186,0.084787,0.27493,0.29896,0.30595,0.045975,0.19719,0.42339,0.38591,0.14655,0.18476,0.11766,0.17987,0.19136,0.077184,0.25407,0.10559,0.58785,0.56945,0.018184,0.047391,0.47569,0.23523,0.12998,0.22495,0.37538,0.36405,0.23557,0.19735,0.5509,0.15071,0.060125,0.021274,0.31018,0.039608,0.015434,0.054826,0.083184,0.12029,0.20754,0.24315,0.44945,0.30483,-0.020959,0.31156,0.097354,0.049945,0.1093,0.20519,0.0097537,0.10739,0.20576,0.13611,0.58664,0.547,0.024262,0.040977,0.091651,0.036277,0.045923,0.09283,0.15342,-0.085706,0.36923,0.047258,0.060723,0.21044,0.16276,0.44522,0.3472,-0.06458,-0.004808,0.15184,0.027591,0.26231,0.16506,0.11298,0.55988,-0.026687,0.22149,0.10111,0.16913,0.060867,-0.025372,0.026677,-0.0054988,0.32478,0.29974,0.095296,0.070251,0.035705,0.1637,0.28676,0.034893,0.19078,0.35329,0.24013,0.044416,0.10228,0.029811,0.29494,0.013407,0.11271,0.15234,0.3363,0.023803,0.1275,0.34618,0.35168,0.1411,0.055384,0.13548,0.19972,0.1575,0.045788,0.10417,0.045534,0.54031,0.34785,-0.02473,0.021987,0.41722,0.14697,0.049257,0.058095,0.32062,0.37299,0.14985,0.16508,0.29078,0.088344,0.053244,0.035499,0.33866,0.087296,0.0037043,-0.018442,0.043794,0.10014,0.15309,0.19488,0.31053,0.23914,-0.0063262,0.32011,0.00081964,0.016862,0.091722,0.21707,-0.040441,0.0025785,0.23779,0.13261,0.4885,0.57059,-0.0072999,0.047207,0.054113,0.0068686,0.11168,0.1314,-0.016878,0.097664
0.11082,0.41463,-0.010945,-0.00478,-0.010289,-0.14085,-0.013591,-0.025958,-0.11208,-0.090073,0.2622,0.07461,0.031037,0.13238,0.075649,1,0.34372,-0.12777,0.32437,0.20091,0.25217,0.06728,0.66493,0.0040062,-0.1712,0.33234,0.4483,0.088971,0.22403,0.012452,0.32904,0.43756,-0.046529,0.0089149,0.2351,0.47221,0.39353,0.39198,0.40199,0.29503,0.048699,-0.034635,0.29427,0.12601,0.21098,0.078191,0.2326,0.27405,0.31118,0.34087,-0.041384,0.27115,0.34059,0.46133,-0.077479,-0.1223,0.20143,0.31792,0.11597,0.33457,0.50951,0.56335,-0.23003,-0.31027,0.38909,0.27691,0.16161,0.72638,0.12601,0.31214,-0.24979,-0.14325,0.27112,0.59176,0.38533,0.48245,0.19433,0.0051732,0.034293,0.12269,0.3527,-0.07181,0.54181,0.21968,0.52708,0.37641,-0.04207,0.0012132,0.30647,0.35416,-0.28672,-0.23714,0.12102,0.31119,0.46631,0.52732,0.43255,0.45311,-0.21261,-0.22258,0.20461,0.26339,-0.015791,-0.031415,-0.02254,-0.22525,0.14292,-0.012292,-0.037858,0.051671,0.33005,0.15695,0.056023,0.073712,0.18415,0.73922,0.33039,-0.16316,0.22194,0.19929,0.065679,0.14414,0.6394,0.069067,-0.12132,0.38705,0.39431,0.042282,0.1617,0.19748,0.40813,0.48594,-0.028974,0.043034,0.047122,0.34557,0.39227,0.22756,0.44524,0.3029,-0.04513,0.085522,0.22084,0.15594,0.20951,0.11317,0.20165,0.20856,0.23539,0.25322,-0.038745,0.32052,0.35381,0.34527,-0.076226,-0.067933,0.043411,0.23485,0.17307,0.32898,0.47129,0.63472,-0.14379,-0.28339,0.4055,0.31971,0.4954,0.64275,0.097446,0.10411,-0.31293,-0.25646,0.28625,0.49307,0.33541,0.4476,0.17858,0.014669,0.057525,0.051963,0.42937,-0.086013,0.46778,0.26444,0.5347,0.30837,-0.058686,0.031545,0.25429,0.33522,-0.10995,0.034401,0.058398,0.25541,0.39827,0.50307,0.43624,0.46746,-0.097915,-0.20788
0.31853,0.15981,0.063532,0.039547,0.05813,0.24721,0.32631,-0.21288,-0.039519,-0.057337,0.081499,0.098918,0.28503,0.59949,0.48341,0.34372,1,-0.20321,0.60367,0.086549,0.30173,0.12959,0.14749,0.54491,0.090273,0.2526,0.21799,0.065887,0.1228,0.46951,0.085589,0.19484,0.056014,-0.049161,0.25758,0.19425,0.15776,0.6232,0.10883,0.103,0.30186,0.068478,0.087576,0.040839,0.19371,0.20115,0.1798,0.18498,0.20575,0.32461,0.010227,0.021553,0.71961,0.43697,0.24143,0.31753,0.13344,0.23346,0.32862,0.30947,0.50063,0.35189,-0.10484,-0.19935,0.20179,0.13469,0.24079,0.43824,0.11027,0.14559,-0.13638,-0.12759,0.083555,0.33014,0.17129,0.21705,0.092695,-0.0075165,0.23422,0.40218,0.10811,-0.16652,0.35659,0.027587,0.19117,0.21558,-0.081776,0.057942,0.23854,0.19667,0.073661,-0.0086776,0.045396,0.12233,0.25438,0.13874,0.12351,0.11872,-0.2365,-0.25675,0.21324,0.12991,0.04583,-0.036662,-0.02038,0.18497,0.45694,-0.18203,-0.074854,0.027783,0.11056,0.24178,0.23497,0.48398,0.42516,0.25864,0.71375,-0.23415,0.53551,0.12359,0.239,0.14201,0.13328,0.53186,0.085195,0.29066,0.17378,0.051191,0.15388,0.56943,0.11169,0.28494,0.023925,-0.050306,0.1098,0.13131,0.17494,0.59364,0.15601,0.10002,0.1071,0.22821,0.036999,-0.012771,0.20999,0.21984,0.20779,0.15113,0.17618,0.22629,-0.038938,0.020072,0.59256,0.18524,0.33626,0.29669,0.050675,0.17592,0.50837,0.18612,0.43664,0.17864,0.00065836,-0.1471,0.17848,0.19356,0.42167,0.36477,0.085388,0.02629,-0.05687,-0.29887,0.030402,0.22713,0.12374,0.19436,0.02949,-0.024481,0.15711,0.42727,0.16601,-0.098548,0.2461,0.033245,0.17784,0.18389,-0.089191,0.0033793,0.22183,0.19544,0.16263,0.21686,-0.039846,0.055647,0.25723,0.1127,0.18291,0.18097,-0.24897,-0.21364
0.10346,0.0057973,0.084842,0.28297,0.18785,0.13901,0.082918,0.26413,0.16871,0.15167,0.040031,0.14057,0.082843,0.013702,0.097646,-0.12777,-0.20321,1,-0.063882,0.15289,-0.15081,0.011887,-0.0034944,0.0052889,0.25527,0.022536,-0.025408,0.087545,-0.072968,-0.00061041,0.054312,0.051511,0.26727,0.33174,0.021446,0.033544,-0.013299,-0.091657,0.066648,0.1685,-0.062371,0.070257,0.039286,0.14786,0.16631,0.14604,0.076087,0.089901,-0.058972,-0.011634,0.18913,0.080086,-0.094436,-0.048811,0.18855,0.2154,0.10786,0.070773,0.044421,-0.048383,-0.06982,-0.018642,0.21977,0.39815,0.08102,0.096638,-0.042558,-0.17003,0.068977,0.048879,0.24795,0.30172,0.04205,-0.15187,-0.0048544,-0.034026,0.067189,0.15412,0.21068,0.042741,0.011191,0.34883,-0.14979,0.037915,-0.017972,0.082742,0.14441,0.12579,0.054972,-0.0087561,0.26466,0.39844,0.082034,0.042183,0.069773,0.043615,-0.014911,0.0086176,0.40205,0.43418,-0.032822,0.016316,0.080468,0.25772,0.20918,0.050136,-0.14994,0.17788,0.10497,0.04199,0.023462,-0.010642,0.039961,-0.020572,-0.043077,-0.13305,-0.26375,0.36174,-0.098658,0.025834,-0.055707,-0.031609,0.0061176,-0.11293,0.073404,-0.047752,0.014922,0.098119,-0.16524,-0.23144,0.027216,-0.032253,0.19012,0.31415,0.071962,0.062321,-0.1278,-0.17487,-0.023463,0.078271,-0.010518,-0.064585,0.067396,0.091773,0.081179,0.034608,0.0032261,0.030264,-0.062173,-0.027869,0.15861,0.010149,-0.1478,0.057426,0.084811,0.096239,0.12803,0.083964,-0.08633,-0.13594,-0.044211,-0.022204,-0.028532,0.2717,0.02233,0.02046,-0.27261,-0.145,0.047108,0.12576,0.22493,0.29793,0.032913,-0.1553,-0.03838,-0.027261,0.026668,0.10545,0.16075,-0.005896,-0.048344,0.22375,-0.13968,0.020529,-0.031065,0.098757,0.10698,0.032896,0.051919,-0.037842,-0.049957,0.17664,0.12404,0.1086,0.051436,0.046569,-0.021067,-0.0076242,0.31135,0.27561
0.1406,0.17843,0.080399,0.15857,0.18536,0.11757,0.10344,-0.12755,-0.12725,-0.069589,0.10662,-0.0075693,0.32434,0.62289,0.28788,0.32437,0.60367,-0.063882,1,0.035154,0.15667,0.10158,0.19677,0.42839,0.030764,0.29521,0.25432,0.075831,-0.049343,0.29718,0.12045,0.21856,0.18071,0.21744,0.36065,0.28996,0.15071,0.54126,0.14273,0.11532,0.16206,-0.043621,0.27941,0.14365,0.33484,0.26224,0.43194,0.38097,0.18706,0.32909,0.054071,0.27881,0.75301,0.63503,0.13159,0.25964,0.1932,0.2619,0.15533,0.16145,0.50499,0.26994,-0.22019,-0.21405,0.40204,0.36167,-0.063614,0.38571,0.0988,0.1964,-0.23353,-0.098296,0.086598,0.29575,0.47153,0.46714,0.060598,-0.033855,0.5207,0.6538,0.15816,-0.12368,0.27048,0.013573,0.34488,0.38617,-0.04919,0.046718,0.40312,0.40055,-0.099734,0.095383,0.046628,0.1935,0.25967,0.169,0.2894,0.28363,-0.23078,-0.16751,0.14829,0.1122,0.056149,0.1461,0.15905,-0.014301,0.25266,-0.1218,-0.032455,-0.00012229,0.15371,0.11838,0.32145,0.51266,0.35632,0.28533,0.48839,-0.11214,0.71051,0.081956,0.14423,0.12679,0.18979,0.4315,-0.019591,0.318,0.20214,0.063097,0.0097424,0.36874,0.18775,0.2626,0.18141,0.23565,0.19018,0.24997,0.14187,0.40575,0.23093,0.14641,0.063239,0.099721,0.2248,0.080203,0.3076,0.2806,0.38904,0.32874,0.14272,0.17679,-0.06401,0.23123,0.59213,0.3903,0.26926,0.31198,0.083679,0.22006,0.38534,0.029543,0.49157,0.22819,-0.1836,-0.17347,0.35243,0.38421,0.25228,0.35854,0.061702,0.065444,-0.18533,-0.24031,0.078667,0.22283,0.3792,0.41457,0.011429,-0.042179,0.44285,0.59765,0.21353,-0.087965,0.19718,0.056453,0.32378,0.32345,-0.04203,0.0046724,0.38914,0.34944,-0.10272,0.28247,-0.024954,0.13171,0.28635,0.15774,0.2996,0.36616,-0.12244,-0.17469
0.061793,0.30154,0.03441,0.17771,0.06773,-0.03954,0.082243,0.23878,0.1049,-0.065267,0.12653,0.2717,-0.057492,0.010342,0.06285,0.20091,0.086549,0.15289,0.035154,1,0.072401,0.011354,0.20093,0.06185,0.2816,0.19754,0.15522,0.089308,0.37987,0.15234,0.12859,0.29924,0.10332,0.15111,0.049745,0.1674,0.36824,0.19918,0.22491,0.21681,-0.028919,-0.012846,0.079145,0.10141,0.15136,0.30778,0.046163,0.10133,0.18791,0.19761,0.063454,0.053196,0.067335,0.08893,0.087744,0.16484,0.11704,0.12966,0.036551,0.29237,0.096871,0.13921,0.054748,0.086435,0.20836,0.095892,0.14094,0.13905,0.092457,0.11888,0.10871,0.32652,0.12089,0.11443,0.063868,0.12193,0.097596,0.037922,0.026078,-0.028973,0.16267,0.064835,0.18389,0.15127,0.23899,0.18474,0.027912,0.020701,0.15348,0.094425,0.13125,0.0061639,0.10596,0.12845,0.14662,0.15761,0.18883,0.18022,0.23529,0.30572,0.046618,0.20009,0.047941,0.10444,-0.0064537,-0.039356,-0.018555,0.17878,0.074469,0.029393,0.15988,0.13321,-0.04959,-0.0046413,0.021745,0.17047,0.066045,0.050457,-0.026068,0.39527,0.099666,0.039033,0.20181,0.039233,0.16133,0.1513,0.1652,0.076453,0.21239,0.051476,0.1267,0.2627,0.044908,0.11294,0.012904,0.10227,0.27512,0.11075,0.15591,0.16045,0.0019364,0.0050678,0.076977,0.099825,0.1602,0.13565,0.029919,0.052284,0.13935,0.19102,0.08075,0.071272,0.063479,0.10527,0.026826,0.054728,0.095922,0.12197,-0.03314,0.19342,0.091407,0.14836,0.025346,0.015723,0.16125,0.062814,0.093443,0.1178,0.045935,0.14271,0.11614,0.16032,0.11739,0.11573,0.032134,0.086626,0.086143,0.0084223,0.0086489,-0.066611,0.1408,0.016255,0.16646,0.10049,0.22072,0.18324,0.016672,0.0075317,0.13075,0.078572,0.13428,0.016232,0.092799,0.1404,0.13705,0.14187,0.17041,0.16528,0.25712,0.11801
0.013568,0.14,-0.0011665,-0.08412,-0.021947,0.062764,0.091192,0.00055123,-0.048071,-0.088777,0.011736,0.11964,0.053496,0.085347,0.042748,0.25217,0.30173,-0.15081,0.15667,0.072401,1,0.14894,0.11108,0.062336,-0.10809,0.086446,0.15643,-0.028259,0.20881,0.12869,0.0082251,0.093366,-0.11888,-0.10983,0.0073851,0.057272,0.18023,0.32173,0.027394,-0.036866,0.14368,0.0034651,0.024351,-0.022424,0.0052092,0.0023773,0.018497,0.01078,0.17304,0.2346,-0.06554,-0.01425,0.15644,0.1383,-0.084798,-0.10144,-0.064023,-0.024043,0.098238,0.18597,0.13978,0.12423,-0.14741,-0.25411,0.075466,0.035469,0.10383,0.294,0.0223,0.013554,-0.13842,-0.067703,0.062592,0.26392,0.060097,0.1563,0.062312,-0.033661,-0.003984,0.012508,0.10712,-0.19362,0.30767,0.10741,0.13018,0.072372,-0.070468,0.023623,0.088906,0.067488,-0.14696,-0.25696,-0.01827,0.038402,0.014624,0.025585,0.1101,0.10017,-0.1272,-0.07618,0.1091,0.11762,-0.016708,-0.1004,-0.083324,0.011677,0.27841,-0.039434,-0.02179,-0.0022135,0.030614,0.12531,0.068943,0.11705,0.10993,0.21102,0.29284,-0.19356,0.15495,0.091515,0.17522,0.088067,0.108,0.10346,-0.060125,0.14863,0.15176,-0.038979,0.12029,0.22623,0.06116,0.17073,-0.072478,-0.11245,-0.038666,0.027712,0.21458,0.22,0.12258,-0.019193,0.017912,0.13701,0.019513,-0.0017904,0.027801,0.033347,0.079314,0.020537,0.12699,0.17104,-0.035277,0.045163,0.17277,0.064137,-0.035427,-0.043197,-0.084379,-0.03655,0.19241,0.19299,0.12191,0.14588,-0.027449,-0.20624,0.089003,0.079471,0.34717,0.25907,0.017741,-0.053898,-0.12411,-0.2154,0.035587,0.20363,0.074204,0.15648,0.050183,-0.028662,0.0082429,0.024592,0.13426,-0.14696,0.23782,0.08979,0.11788,0.060639,-0.033741,0.0022776,0.034546,0.083022,0.020625,-0.012832,-0.061843,-0.012898,0.032897,0.036564,0.10507,0.12176,-0.087408,-0.1334
0.036474,0.023381,0.022714,0.015595,0.046434,0.066405,0.099296,0.0013736,0.0036382,-0.0023335,0.0022358,0.098846,0.085934,0.10014,0.068195,0.06728,0.12959,0.011887,0.10158,0.011354,0.14894,1,0.029801,0.070651,-0.045699,0.033374,0.056097,0.021251,0.019438,0.06482,0.016023,0.030312,0.0084252,0.022978,0.021237,0.010399,0.0086112,0.1484,0.011286,0.015496,0.10234,0.024816,-0.0097563,-0.0072238,0.050598,-0.026033,0.060431,0.013556,0.05111,0.084646,-0.019165,-0.019178,0.10282,0.073132,0.047168,-0.0023603,-0.0070623,-0.0049222,0.083172,0.080341,0.082612,0.071476,-0.036905,-0.042162,0.036565,0.030308,0.043027,0.085818,0.021036,0.026072,0.0024335,-0.03481,0.060348,0.094316,0.020117,0.040819,0.035225,0.020975,0.066225,0.091292,0.020578,-0.031559,0.10562,0.070483,0.016053,0.0062895,0.0040446,0.28287,0.044759,0.025167,-0.035444,-0.012956,0.017332,0.022818,0.028181,0.019972,0.010257,0.0060013,-0.018721,-0.021044,0.032371,0.094573,0.03295,-0.013425,-0.0021844,0.040235,0.11045,-0.0062151,0.00035322,0.024179,0.017168,0.052949,0.088191,0.10449,0.052026,0.053161,0.088276,-0.022273,0.10304,0.023486,0.089749,0.022195,0.021044,0.082835,-0.053088,0.041608,0.057949,0.014276,-0.017663,0.088971,0.0084613,0.063175,0.0067604,0.025532,-0.018845,-0.010974,-0.0088492,0.082192,0.015058,-0.016153,0.0088112,0.03777,-0.012422,-0.026656,0.004071,0.0074288,0.054987,0.0069486,0.050719,0.031258,-0.03579,-0.0051114,0.061776,0.032662,0.04157,0.023078,-0.030383,-0.022492,0.10164,0.036312,0.065541,0.013508,-0.035543,-0.05579,0.014085,0.033902,0.059247,0.077292,0.04568,-0.0088584,-0.0056347,-0.074805,0.018993,0.070247,0.012907,0.044717,0.022178,-0.0026372,0.035379,0.087504,0.015274,-0.011906,0.061874,0.021563,0.017139,0.024117,-0.016651,0.027976,0.033518,0.0084666,-0.036024,0.021408,0.0026001,0.011084,0.008055,0.0034617,0.0079815,0.019689,-0.024874,-0.023661
0.12837,0.35437,0.0041649,0.061497,0.014587,-0.18914,-0.092613,0.059381,-0.04575,-0.036653,0.37702,0.056493,-0.040298,0.02085,0.043303,0.66493,0.14749,-0.0034944,0.19677,0.20093,0.11108,0.029801,1,-0.10281,-0.063379,0.27547,0.47371,0.27863,0.19359,-0.078929,0.37044,0.39735,0.031711,0.0863,0.23883,0.52153,0.33991,0.14436,0.54899,0.46361,-0.0378,-0.022814,0.3901,0.14293,0.26071,0.11513,0.22273,0.30032,0.29361,0.25991,-0.001152,0.33695,0.21559,0.42043,-0.084501,-0.098476,0.382,0.45547,0.031375,0.19855,0.37129,0.5081,-0.094625,-0.1477,0.36213,0.28966,0.12539,0.621,0.25844,0.35827,-0.12732,-0.039524,0.41521,0.46465,0.39485,0.46114,0.24946,0.063429,0.052842,0.041765,0.41693,0.067342,0.38127,0.23138,0.49479,0.40757,0.0054579,0.035064,0.32553,0.35647,-0.17287,-0.11658,0.2669,0.41293,0.59847,0.64955,0.45349,0.44149,-0.065157,-0.074634,0.22811,0.22404,0.026309,0.055724,0.005858,-0.20326,-0.011443,0.062377,0.0123,0.06294,0.45522,0.091271,0.005847,0.0014401,0.16099,0.62121,0.18598,-0.035808,0.1392,0.19362,0.023745,0.084304,0.72913,-0.029631,-0.031797,0.33064,0.43571,0.25009,0.15497,0.049302,0.43539,0.39525,0.045323,0.14018,0.13792,0.43658,0.34692,0.086082,0.54511,0.46051,-0.051457,0.059275,0.32555,0.19548,0.26202,0.1251,0.19953,0.22316,0.21324,0.23442,0.017072,0.37879,0.27022,0.41821,-0.07589,-0.048845,0.23577,0.37464,0.033695,0.24681,0.40581,0.62548,-0.081924,-0.11937,0.4014,0.31565,0.33938,0.57006,0.19954,0.26658,-0.20682,-0.097493,0.36987,0.39565,0.34919,0.43645,0.23015,0.073559,0.10167,-0.027441,0.4876,0.037621,0.36023,0.28856,0.53417,0.35164,0.0051592,0.016002,0.28089,0.36512,-0.055799,0.090463,0.23245,0.37723,0.49793,0.62712,0.47289,0.47486,0.047618,-0.072527
