1,0.075808,0.36009,0.37365,0.16135,0.34114,0.095481,0.089964,0.38908,0.078654,0.2721,0.59196,0.23188,0.60333,0.35568,0.07421,-0.023149,0.3273,0.10946,0.16904,0.14552,0.20175,0.33141,0.27298,0.50405,0.56025,0.24432,0.20394,0.13417,0.45999,0.24986,0.1564,0.17539,0.062239,0.014593,0.14351,0.38084,0.35979,0.11453,0.40609,0.028402,0.39974,0.35404,0.34863,0.18371,0.37298,0.35108,0.35424,0.32924,0.26373,0.71051,0.073282,0.060391,0.35563,0.12698,0.33363,0.096758,0.03162,0.2678,0.12778,0.33645,0.28592,0.039489,0.44423,0.34359,0.017158,-0.034212,0.075226,0.17662,0.16445,0.13791,0.21755,0.21943,0.28969,0.43997,0.50164,0.23707,0.22475,0.075048,0.32447,0.084237,-0.0091566,-0.068801,0.015559,0.035998,0.078072,0.33242,0.36753,0.011037,0.17939,-0.02633,0.040051,0.40746,0.39978,0.18962,0.31999,0.34404,0.35922,0.34612,0.37992
0.075808,1,0.033939,0.26424,0.10201,0.30157,0.25964,0.078137,0.076309,0.18116,0.32337,0.19504,0.0026037,0.014823,0.36423,0.45725,0.2496,0.47733,0.0065137,-0.0084786,0.3809,0.49685,0.41519,0.30069,0.2418,0.31175,0.38575,0.46137,0.30743,0.31452,-0.10818,0.18413,0.11978,0.47961,0.2504,0.3613,0.22157,0.2596,0.23847,0.06512,0.28728,0.050979,0.20636,0.38895,0.21146,0.2901,0.26837,0.27372,0.23309,0.21295,0.10184,0.43146,0.21417,0.2635,0.10435,0.25285,0.28084,0.036398,0.092051,0.19143,0.23069,0.30732,0.001253,0.1912,0.36817,0.39197,0.20877,0.54643,-0.082065,0.025588,0.34897,0.49394,0.39829,0.31782,0.23259,0.33811,0.37284,0.45844,0.32236,0.4281,-0.019424,0.31789,0.21178,0.36872,0.28864,0.4105,0.19739,0.25799,0.26614,0.15746,0.18404,0.27883,0.19694,0.30372,0.14331,0.28928,0.23975,0.26782,0.20639,0.21742
0.36009,0.033939,1,0.20291,0.17924,0.3511,0.36023,0.15744,0.59049,0.16755,0.16223,0.56446,0.59654,0.53209,0.31507,0.13258,0.0064523,0.31382,0.24201,0.12954,0.16319,0.12227,0.18422,0.19686,0.20611,0.30874,0.21282,0.20588,0.44976,0.21117,0.6373,0.4051,0.7715,0.31206,0.3705,0.48525,0.17915,0.10594,0.65637,0.62176,0.12805,0.39211,0.1942,0.076394,0.21153,0.24342,0.26378,0.23564,0.1698,0.13911,0.26967,-0.020282,0.44747,0.20574,0.13979,0.27143,0.23389,0.096247,0.39324,0.13639,0.16892,0.24884,0.47441,0.26125,0.2753,0.084223,0.00021746,0.032015,0.2724,0.15686,0.15114,0.12483,0.048025,0.20346,0.15221,0.23743,0.15309,0.14529,0.27267,0.10314,0.46905,0.18573,0.33859,0.28588,0.2679,0.26972,0.15182,0.15089,0.40813,0.40288,0.11353,0.20337,0.19202,0.10608,0.15047,0.2061,0.268,0.21924,0.18734,0.21805
0.37365,0.26424,0.20291,1,0.18772,0.43783,0.44976,0.1716,0.3243,0.32201,0.45448,0.215,0.12232,0.10865,0.77282,0.33664,0.18174,0.45818,0.10313,0.090792,0.45659,0.4928,0.51664,0.5969,0.44759,0.66387,0.77642,0.53578,0.25345,0.27032,0.11798,0.18783,0.20094,0.30489,0.40885,0.40244,0.52826,0.5459,0.39066,0.38086,0.2524,0.099723,0.448,0.52719,0.30384,0.80591,0.85526,0.87257,0.51058,0.528,0.44091,0.2495,0.21009,0.89253,0.21223,0.45083,0.52929,0.1581,0.29421,0.38621,0.46951,0.22636,0.076167,0.19396,0.7677,0.30763,0.13462,0.46227,0.10029,0.18038,0.43205,0.51054,0.51278,0.63648,0.43308,0.71513,0.77744,0.61851,0.27806,0.40844,0.11771,0.18024,0.1497,0.25192,0.4645,0.46283,0.46408,0.67108,0.34223,0.40863,0.11423,0.21293,0.50408,0.66492,0.29847,0.7742,0.84712,0.86514,0.53092,0.62154
0.16135,0.10201,0.17924,0.18772,1,0.23539,0.16296,0.13052,0.21495,0.15641,0.15451,0.16192,0.16274,0.13402,0.21223,0.1209,0.068157,0.19371,0.070123,0.1108,0.16126,0.19931,0.19966,0.20231,0.16883,0.223,0.19637,0.17039,0.15474,0.12631,0.16179,0.16547,0.16439,0.14226,0.15233,0.16051,0.14576,0.15161,0.19579,0.19659,0.13976,0.13061,0.17109,0.15388,0.20207,0.20937,0.19657,0.1939,0.1779,0.14389,0.136,0.083758,0.12741,0.18069,0.13593,0.18186,0.15533,0.089728,0.16952,0.12501,0.16526,0.12375,0.12122,0.12014,0.20317,0.09813,0.038759,0.14736,0.10462,0.09932,0.15847,0.17482,0.17886,0.20249,0.14067,0.20487,0.18482,0.18162,0.11485,0.14417,0.11909,0.094996,0.099752,0.1169,0.14476,0.14965,0.12975,0.16592,0.15131,0.16321,0.064229,0.12201,0.17627,0.19266,0.14619,0.20046,0.17902,0.18156,0.17823,0.18752
0.34114,0.30157,0.3511,0.43783,0.23539,1,0.33593,0.15662,0.47423,0.25662,0.34719,0.41264,0.37336,0.32159,0.49006,0.36848,0.1246,0.64154,0.17941,0.13298,0.3867,0.4356,0.5144,0.39908,0.34037,0.47067,0.61651,0.59632,0.48705,0.2133,0.247,0.27003,0.29378,0.44157,0.26959,0.4766,0.31493,0.34442,0.52415,0.44732,0.28169,0.23407,0.32968,0.41773,0.45208,0.54939,0.45997,0.45678,0.30178,0.35984,0.30498,0.23966,0.29399,0.45618,0.20307,0.52072,0.306,0.10447,0.33591,0.25392,0.32308,0.29321,0.21475,0.28141,0.47165,0.26687,0.088802,0.50406,0.10979,0.17707,0.34804,0.41783,0.40476,0.4095,0.29607,0.46927,0.55038,0.5688,0.33519,0.29644,0.17284,0.18381,0.22282,0.29296,0.3006,0.42106,0.27988,0.40341,0.36146,0.37538,0.18821,0.21967,0.32012,0.42797,0.30815,0.50084,0.45245,0.45109,0.30821,0.44218
0.095481,0.25964,0.36023,0.44976,0.16296,0.33593,1,0.30587,0.46295,0.33114,0.32406,0.1192,0.21791,-0.012041,0.46974,0.46158,0.32794,0.40139,0.23083,0.10184,0.44731,0.41507,0.29418,0.41478,0.31054,0.44744,0.4338,0.34822,0.3784,0.090611,0.33813,0.4476,0.40788,0.35292,0.72562,0.63198,0.27169,0.28031,0.55382,0.50541,0.25047,0.11221,0.25699,0.25015,0.29013,0.43376,0.46779,0.45294,0.28982,0.2812,0.19026,0.22933,0.3555,0.44812,0.21666,0.35091,0.62422,0.28064,0.46477,0.30778,0.26715,0.22144,0.25177,0.10696,0.45359,0.43469,0.28143,0.37526,0.18805,0.1812,0.40262,0.42535,0.30178,0.43687,0.30913,0.44766,0.42603,0.37622,0.38781,0.25727,0.37926,0.45311,0.37566,0.37928,0.67085,0.59583,0.25856,0.36317,0.51609,0.56797,0.16965,0.37521,0.25712,0.31227,0.25026,0.44842,0.44693,0.44432,0.31253,0.3378
0.089964,0.078137,0.15744,0.1716,0.13052,0.15662,0.30587,1,0.37886,0.14271,0.11561,0.037105,0.20561,0.040094,0.16496,0.14657,0.28827,0.098104,0.17973,0.1535,0.16227,0.13104,0.077342,0.18394,0.22377,0.20057,0.084365,0.034922,0.16375,-0.011667,0.35727,0.3764,0.1204,0.014465,0.29088,0.19966,0.15739,0.14779,0.16325,0.34061,0.17259,0.16205,0.11573,0.058976,0.15626,0.15959,0.17097,0.15285,0.14543,0.12521,0.14427,0.040868,0.027765,0.17686,0.14971,0.17223,0.23687,0.31958,0.34537,0.12819,0.10794,0.037365,0.13717,0.052583,0.15465,0.098144,0.15182,0.040352,0.22138,0.19329,0.1321,0.1304,0.078855,0.18675,0.20499,0.18144,0.084317,0.073814,0.098541,0.057786,0.24339,0.20475,0.036893,-0.017075,0.23229,0.14251,0.13859,0.18332,0.10467,0.29949,0.050332,0.16577,0.11915,0.13854,0.1462,0.18075,0.17165,0.1584,0.13294,0.15349
0.38908,0.076309,0.59049,0.3243,0.21495,0.47423,0.46295,0.37886,1,0.19305,0.26522,0.36592,0.64529,0.41846,0.37929,0.24875,0.19515,0.44364,0.40211,0.28303,0.32802,0.25798,0.23868,0.32604,0.37424,0.45296,0.23432,0.17681,0.50112,0.13106,0.76299,0.61266,0.49458,0.17846,0.42129,0.53651,0.23786,0.1929,0.49133,0.86175,0.11191,0.405,0.29232,0.16521,0.23301,0.346,0.35631,0.33612,0.26866,0.20508,0.34666,0.041885,0.22364,0.34068,0.20163,0.36901,0.32306,0.31396,0.65589,0.17669,0.26479,0.16987,0.44888,0.19974,0.34403,0.17414,0.14359,0.155,0.37847,0.27151,0.29929,0.24299,0.15307,0.3404,0.27825,0.38814,0.19688,0.20825,0.35045,0.1603,0.55274,0.29474,0.30288,0.13316,0.35977,0.33781,0.23239,0.28919,0.27993,0.59266,0.073985,0.23353,0.29617,0.24008,0.19585,0.32432,0.35041,0.33872,0.31182,0.30763
0.078654,0.18116,0.16755,0.32201,0.15641,0.25662,0.33114,0.14271,0.19305,1,0.22791,0.094689,0.096293,-0.014468,0.31882,0.23396,0.15917,0.2616,0.073137,0.048173,0.29051,0.30309,0.28246,0.31027,0.24119,0.31543,0.35792,0.29869,0.20172,0.073365,0.11841,0.16088,0.18803,0.22572,0.36011,0.31069,0.18402,0.21154,0.32991,0.22071,0.20403,0.061513,0.1852,0.24401,0.34068,0.34889,0.36918,0.33064,0.22062,0.22508,0.13294,0.1309,0.21913,0.31588,0.15536,0.26648,0.339,0.15592,0.21079,0.26725,0.17465,0.14234,0.12472,0.071042,0.31542,0.23034,0.11405,0.28247,0.071019,0.09164,0.28051,0.28016,0.27377,0.30346,0.22887,0.33,0.36365,0.32357,0.23093,0.20168,0.16569,0.19718,0.16854,0.22188,0.35857,0.33355,0.17619,0.27758,0.30225,0.2948,0.11309,0.19122,0.20197,0.31083,0.23091,0.38069,0.3505,0.32541,0.21224,0.25488
0.2721,0.32337,0.16223,0.45448,0.15451,0.34719,0.32406,0.11561,0.26522,0.22791,1,0.20128,0.13305,0.11198,0.45664,0.40473,0.14001,0.56185,0.096493,0.079023,0.44409,0.51339,0.46369,0.52585,0.37362,0.5358,0.45049,0.52162,0.37212,0.40229,0.080456,0.1663,0.14524,0.29448,0.29635,0.42398,0.2771,0.33297,0.30561,0.30349,0.1959,0.091732,0.66368,0.49017,0.23707,0.41994,0.45244,0.44353,0.65052,0.46926,0.29049,0.29322,0.18409,0.46673,0.15956,0.32231,0.36084,0.10342,0.24431,0.25778,0.68463,0.25245,0.080615,0.17363,0.44618,0.31814,0.11082,0.52619,0.10955,0.10465,0.46431,0.52801,0.4563,0.52888,0.36346,0.55572,0.44962,0.59434,0.37015,0.49796,0.1004,0.18967,0.16644,0.24179,0.34117,0.45325,0.22778,0.36973,0.25149,0.30939,0.1143,0.17325,0.64976,0.48982,0.21491,0.40565,0.45632,0.44845,0.64296,0.50059
0.59196,0.19504,0.56446,0.215,0.16192,0.41264,0.1192,0.037105,0.36592,0.094689,0.20128,1,0.38471,0.76433,0.34197,0.15525,-0.025057,0.38972,0.096318,0.11589,0.13858,0.2751,0.3708,0.16327,0.35469,0.34385,0.25195,0.29253,0.31862,0.49974,0.28812,0.26849,0.43254,0.35956,0.069459,0.25183,0.29374,0.24113,0.30333,0.33011,0.15594,0.50953,0.21289,0.2552,0.23285,0.2758,0.24806,0.2377,0.16249,0.12879,0.4317,0.13743,0.22328,0.20928,0.091031,0.30264,0.076233,-0.067087,0.17096,0.098495,0.20446,0.40027,0.18338,0.50119,0.32419,0.07498,-0.019785,0.15862,0.10036,0.099463,0.14693,0.23545,0.18201,0.18336,0.24705,0.29218,0.20487,0.24363,0.15656,0.31165,0.082094,0.070784,0.076088,0.17918,0.041414,0.12669,0.22722,0.21458,0.14293,0.11771,0.091899,0.17618,0.23441,0.21093,0.16203,0.21689,0.24424,0.22057,0.18328,0.23163
0.23188,0.0026037,0.59654,0.12232,0.16274,0.37336,0.21791,0.20561,0.64529,0.096293,0.13305,0.38471,1,0.51606,0.17902,0.081846,0.02479,0.31194,0.30407,0.19729,0.14386,0.10237,0.14555,0.15687,0.094829,0.22024,0.12416,0.098799,0.44994,0.046634,0.68208,0.43612,0.54409,0.15259,0.13193,0.33708,0.10123,0.019425,0.48695,0.62232,0.11725,0.37646,0.15419,0.0047837,0.14675,0.17558,0.17917,0.1359,0.10603,0.060676,0.14138,-0.034044,0.27386,0.13697,0.13827,0.23809,0.069335,0.15814,0.38567,0.077131,0.14333,0.11492,0.57652,0.1362,0.15502,-0.0033111,0.007339,0.04659,0.22216,0.12878,0.1384,0.082545,0.029652,0.16611,0.045205,0.1608,0.079138,0.090435,0.19499,0.014514,0.46734,0.1105,0.2742,0.10408,0.066471,0.12227,0.085113,0.1098,0.25242,0.35315,0.13081,0.14428,0.1439,0.073227,0.095083,0.16144,0.19627,0.15095,0.16258,0.1521
0.60333,0.014823,0.53209,0.10865,0.13402,0.32159,-0.012041,0.040094,0.41846,-0.014468,0.11198,0.76433,0.51606,1,0.2011,-0.011777,-0.11175,0.23288,0.16363,0.17499,0.0036143,0.084895,0.17599,0.041463,0.2667,0.23159,0.071498,0.091631,0.23771,0.39599,0.41487,0.28069,0.36948,0.11687,-0.10633,0.10139,0.21925,0.14612,0.16988,0.37605,0.029521,0.60344,0.16846,0.089014,0.12155,0.152,0.13958,0.11724,0.1023,0.033247,0.41116,0.001022,0.068044,0.10055,0.060914,0.20613,-0.086091,-0.047948,0.17785,0.029656,0.156,0.27179,0.23812,0.46285,0.18722,-0.11243,-0.095642,-0.06124,0.18103,0.10617,0.01528,0.049308,0.0088007,0.056702,0.17138,0.16351,0.031317,0.058923,0.034375,0.14373,0.11839,-0.064465,-0.0083357,-0.025418,-0.13157,-0.073971,0.18263,0.13121,-0.029446,0.051197,0.012862,0.056129,0.19075,0.10033,0.079549,0.10223,0.14763,0.11156,0.14866,0.14854
0.35568,0.36423,0.31507,0.77282,0.21223,0.49006,0.46974,0.16496,0.37929,0.31882,0.45664,0.34197,0.17902,0.2011,1,0.42141,0.20891,0.55454,0.12917,0.096515,0.5158,0.55217,0.53344,0.54193,0.45962,0.62859,0.73752,0.58676,0.35422,0.36504,0.15498,0.26592,0.31032,0.41291,0.4436,0.5127,0.55569,0.5269,0.4741,0.41584,0.29095,0.17441,0.41518,0.52805,0.3308,0.7622,0.78934,0.80612,0.46782,0.43887,0.38678,0.33213,0.31669,0.76277,0.21719,0.47271,0.53513,0.14337,0.33194,0.36937,0.42122,0.35368,0.16681,0.29172,0.88949,0.38414,0.17858,0.53195,0.11284,0.18836,0.488,0.5752,0.51678,0.56487,0.42411,0.6473,0.72145,0.63186,0.38512,0.49092,0.1752,0.30111,0.25984,0.36762,0.49454,0.53996,0.50612,0.61734,0.41814,0.43355,0.17637,0.32366,0.44633,0.58542,0.30563,0.71509,0.75819,0.76396,0.47207,0.51674
0.07421,0.45725,0.13258,0.33664,0.1209,0.36848,0.46158,0.14657,0.24875,0.23396,0.40473,0.15525,0.081846,-0.011777,0.42141,1,0.30333,0.5489,0.093964,0.019218,0.4767,0.54626,0.3995,0.36784,0.29444,0.41621,0.44681,0.47717,0.39145,0.22757,0.05,0.30675,0.2492,0.52685,0.45715,0.5727,0.27676,0.30255,0.39368,0.26599,0.32882,0.070721,0.23054,0.39991,0.23755,0.3547,0.32764,0.34741,0.26855,0.2391,0.16066,0.41446,0.30677,0.34602,0.13643,0.34379,0.47921,0.13633,0.29313,0.23715,0.28966,0.35785,0.11403,0.22484,0.41223,0.56313,0.3002,0.58776,-0.0049863,0.097017,0.44357,0.55529,0.40333,0.39852,0.31469,0.43982,0.43897,0.48164,0.415,0.4162,0.16361,0.45883,0.38396,0.4656,0.50688,0.59431,0.2612,0.3291,0.41526,0.37474,0.22959,0.37044,0.24834,0.32743,0.20763,0.36038,0.31877,0.34132,0.26812,0.29537
-0.023149,0.2496,0.0064523,0.18174,0.068157,0.1246,0.32794,0.28827,0.19515,0.15917,0.14001,-0.025057,0.02479,-0.11175,0.20891,0.30333,1,0.21468,0.074743,0.046272,0.27416,0.29754,0.13965,0.17094,0.21038,0.224,0.17763,0.1461,0.17773,0.032359,0.092954,0.37084,0.12322,0.28481,0.36538,0.32392,0.19695,0.2121,0.16301,0.20135,0.2221,0.060031,0.043051,0.14456,0.10851,0.18405,0.15468,0.17749,0.095969,0.052322,0.096054,0.26329,0.12896,0.17748,0.10532,0.17321,0.32854,0.23928,0.26776,0.15452,0.090906,0.20359,0.059936,0.11775,0.21326,0.35702,0.35365,0.27561,0.040068,0.10769,0.24692,0.29799,0.17924,0.20102,0.21003,0.23756,0.20127,0.18425,0.25404,0.19308,0.15934,0.43378,0.22689,0.26285,0.38191,0.36557,0.19384,0.22499,0.22841,0.31415,0.14483,0.32192,0.059852,0.16543,0.11396,0.19808,0.1377,0.17106,0.096408,0.1073
0.3273,0.47733,0.31382,0.45818,0.19371,0.64154,0.40139,0.098104,0.44364,0.2616,0.56185,0.38972,0.31194,0.23288,0.55454,0.5489,0.21468,1,0.19446,0.062341,0.5609,0.69294,0.68507,0.57541,0.37666,0.61157,0.61588,0.74018,0.62983,0.40187,0.15735,0.2906,0.34233,0.62175,0.37538,0.66423,0.24306,0.29488,0.54118,0.4892,0.32493,0.15077,0.46976,0.62841,0.32892,0.49768,0.4888,0.48947,0.45355,0.43524,0.30013,0.42257,0.39804,0.47907,0.18058,0.46925,0.40529,0.079574,0.36215,0.25178,0.47891,0.4391,0.25262,0.30852,0.53647,0.4708,0.18488,0.80549,0.06215,0.12322,0.5344,0.6689,0.61006,0.56787,0.35416,0.59972,0.55733,0.69637,0.56407,0.55286,0.21156,0.37117,0.42525,0.50682,0.4404,0.62877,0.18411,0.35215,0.44521,0.44927,0.24442,0.32748,0.43362,0.49471,0.22845,0.47733,0.47441,0.47562,0.43028,0.46277
0.10946,0.0065137,0.24201,0.10313,0.070123,0.17941,0.23083,0.17973,0.40211,0.073137,0.096493,0.096318,0.30407,0.16363,0.12917,0.093964,0.074743,0.19446,1,0.11709,0.14361,0.074307,0.06969,0.12913,0.087729,0.14755,0.062551,0.049702,0.23925,0.011446,0.38107,0.30192,0.23527,0.028013,0.22073,0.27843,0.0061022,3.3315e-05,0.21073,0.42381,0.032221,0.19304,0.11081,0.031139,0.10166,0.12174,0.1318,0.10639,0.092591,0.068209,0.10214,-0.0097899,0.062765,0.11525,0.091294,0.11378,0.1534,0.15519,0.31567,0.045104,0.094932,0.063681,0.23786,0.064974,0.11046,0.08626,0.063276,0.068032,0.2382,0.12672,0.14281,0.10065,0.058533,0.14076,0.093908,0.12278,0.050176,0.074533,0.18294,0.04171,0.29767,0.14635,0.18257,0.040738,0.19745,0.16357,0.030321,0.077899,0.10908,0.2922,0.0081192,0.10084,0.10298,0.081035,0.053018,0.1209,0.13434,0.11426,0.12416,0.11603
0.16904,-0.0084786,0.12954,0.090792,0.1108,0.13298,0.10184,0.1535,0.28303,0.048173,0.079023,0.11589,0.19729,0.17499,0.096515,0.019218,0.046272,0.062341,0.11709,1,0.078449,0.069782,0.043992,0.094501,0.20316,0.1358,0.0059856,-0.0014412,0.11288,0.074771,0.26366,0.2008,0.062992,-0.056159,0.069856,0.076823,0.10637,0.079413,0.028541,0.2445,-0.021421,0.19826,0.11771,0.026747,0.13234,0.093078,0.10533,0.088323,0.11634,0.079318,0.16548,-0.00029721,-0.041053,0.092466,0.062083,0.11978,0.063661,0.13889,0.23295,0.070689,0.096151,0.021538,0.10075,0.087785,0.094002,-0.0059862,0.025984,-0.031959,0.17787,0.14361,0.073682,0.040388,0.032169,0.091376,0.15706,0.11716,0.0093603,0.028818,0.061148,0.058865,0.16533,0.054429,-0.0056311,-0.077384,0.058523,0.035626,0.11182,0.092349,-0.024403,0.1467,-0.018696,0.030365,0.10205,0.068986,0.083407,0.08699,0.0962,0.09607,0.11975,0.090339
0.14552,0.3809,0.16319,0.45659,0.16126,0.3867,0.44731,0.16227,0.32802,0.29051,0.44409,0.13858,0.14386,0.0036143,0.5158,0.4767,0.27416,0.5609,0.14361,0.078449,1,0.6309,0.52185,0.55127,0.45365,0.69121,0.49186,0.46434,0.35974,0.22374,0.11129,0.26896,0.2199,0.40022,0.41663,0.51365,0.32087,0.34784,0.38447,0.33049,0.2854,0.086208,0.38475,0.47068,0.27208,0.49479,0.46853,0.46157,0.43862,0.35017,0.19075,0.34806,0.2813,0.46961,0.17046,0.34555,0.46769,0.17666,0.31259,0.30759,0.39301,0.32772,0.16169,0.16058,0.51294,0.47528,0.25694,0.57995,0.057114,0.14246,0.67076,0.5986,0.52988,0.5622,0.38708,0.63393,0.49465,0.50095,0.38425,0.42345,0.18827,0.37287,0.32368,0.36642,0.47214,0.54368,0.31739,0.42439,0.37912,0.3855,0.20343,0.34138,0.37435,0.47396,0.23958,0.49477,0.45766,0.46734,0.40864,0.40453
0.20175,0.49685,0.12227,0.4928,0.19931,0.4356,0.41507,0.13104,0.25798,0.30309,0.51339,0.2751,0.10237,0.084895,0.55217,0.54626,0.29754,0.69294,0.074307,0.069782,0.6309,1,0.66904,0.61327,0.45626,0.60783,0.55624,0.58671,0.38179,0.38013,-0.012593,0.24174,0.22061,0.54701,0.38407,0.50666,0.34094,0.38091,0.3676,0.24188,0.38237,0.11155,0.40174,0.60313,0.31244,0.48703,0.49229,0.49387,0.45598,0.37597,0.25066,0.4579,0.31953,0.49058,0.18343,0.3853,0.44465,0.10882,0.26425,0.30748,0.43785,0.44282,0.12012,0.27285,0.55129,0.5084,0.25308,0.7251,-0.01248,0.11495,0.57414,0.72986,0.65658,0.61557,0.41219,0.61134,0.55225,0.61009,0.43339,0.56971,0.09956,0.40343,0.33881,0.46138,0.44988,0.56782,0.30004,0.42038,0.39103,0.32846,0.24271,0.37506,0.41853,0.53328,0.23689,0.48372,0.46407,0.48933,0.44139,0.43553
0.33141,0.41519,0.18422,0.51664,0.19966,0.5144,0.29418,0.077342,0.23868,0.28246,0.46369,0.3708,0.14555,0.17599,0.53344,0.3995,0.13965,0.68507,0.06969,0.043992,0.52185,0.66904,1,0.7606,0.39194,0.60032,0.5963,0.60968,0.37502,0.42941,0.0098394,0.10073,0.18118,0.45606,0.22634,0.3662,0.29839,0.33398,0.36663,0.23044,0.32779,0.088198,0.4638,0.69224,0.31816,0.52139,0.51482,0.52395,0.45592,0.4803,0.28252,0.33637,0.26663,0.51642,0.18041,0.39065,0.3216,0.026558,0.16804,0.28014,0.43052,0.34239,0.077576,0.20582,0.52384,0.33708,0.087939,0.65919,-0.011285,0.10033,0.46479,0.62964,0.79734,0.72788,0.33999,0.59917,0.57148,0.61126,0.32696,0.5453,0.016623,0.153,0.17169,0.32389,0.27061,0.39914,0.2678,0.41514,0.32222,0.21291,0.16792,0.19407,0.47839,0.64513,0.25217,0.50792,0.50154,0.52479,0.44617,0.5329
0.27298,0.30069,0.19686,0.5969,0.20231,0.39908,0.41478,0.18394,0.32604,0.31027,0.52585,0.16327,0.15687,0.041463,0.54193,0.36784,0.17094,0.57541,0.12913,0.094501,0.55127,0.61327,0.7606,1,0.41147,0.66057,0.53482,0.48986,0.32947,0.33169,0.15893,0.19088,0.19542,0.27735,0.36827,0.37982,0.30783,0.34084,0.35753,0.35368,0.26163,0.060335,0.5683,0.63924,0.27156,0.53813,0.58203,0.58643,0.60341,0.64963,0.31217,0.24568,0.21046,0.60266,0.21251,0.33692,0.43223,0.14912,0.28864,0.32304,0.5108,0.24038,0.11873,0.11004,0.51538,0.34351,0.11198,0.53301,0.10856,0.15003,0.4894,0.59028,0.75944,0.88128,0.38769,0.67099,0.53053,0.55071,0.29919,0.48869,0.1569,0.18752,0.17086,0.23981,0.39157,0.42298,0.27815,0.44841,0.3116,0.3371,0.11616,0.19207,0.56719,0.67106,0.26101,0.54234,0.57978,0.59121,0.56946,0.64755
0.50405,0.2418,0.20611,0.44759,0.16883,0.34037,0.31054,0.22377,0.37424,0.24119,0.37362,0.35469,0.094829,0.2667,0.45962,0.29444,0.21038,0.37666,0.087729,0.20316,0.45365,0.45626,0.39194,0.41147,1,0.64812,0.3765,0.31259,0.17284,0.31907,0.15997,0.25372,0.13823,0.21024,0.28242,0.31554,0.43225,0.44347,0.17858,0.34168,0.17932,0.28755,0.36032,0.40223,0.32396,0.47621,0.43954,0.42866,0.39963,0.35042,0.52541,0.22305,0.10646,0.44114,0.16862,0.39643,0.36052,0.19469,0.38444,0.29202,0.3702,0.34776,0.024102,0.37211,0.45744,0.26559,0.14512,0.31488,0.16681,0.2124,0.39645,0.42965,0.36241,0.42209,0.58418,0.62399,0.38243,0.37884,0.22208,0.39814,0.13792,0.23938,0.056844,0.15264,0.34061,0.34858,0.39021,0.44741,0.16597,0.35445,0.070079,0.21033,0.39242,0.46114,0.30907,0.46019,0.41346,0.43766,0.37332,0.40595
0.56025,0.31175,0.30874,0.66387,0.223,0.47067,0.44744,0.20057,0.45296,0.31543,0.5358,0.34385,0.22024,0.23159,0.62859,0.41621,0.224,0.61157,0.14755,0.1358,0.69121,0.60783,0.60032,0.66057,0.64812,1,0.60862,0.49815,0.33038,0.34854,0.20009,0.273,0.28462,0.36351,0.39005,0.51087,0.47792,0.49481,0.43454,0.49112,0.27216,0.20216,0.53087,0.56038,0.32833,0.66168,0.64066,0.64756,0.58297,0.49823,0.55673,0.29849,0.31613,0.661,0.22472,0.46948,0.47606,0.20464,0.41517,0.36,0.53778,0.40573,0.17821,0.33007,0.61346,0.40166,0.18114,0.52648,0.14967,0.19772,0.60274,0.61274,0.5797,0.68309,0.57766,0.85467,0.617,0.56981,0.355,0.49953,0.23757,0.31697,0.26506,0.34986,0.45274,0.52729,0.44846,0.59073,0.39742,0.47451,0.16402,0.30768,0.55835,0.64814,0.30533,0.64709,0.63658,0.6586,0.56803,0.60617
0.24432,0.38575,0.21282,0.77642,0.19637,0.61651,0.4338,0.084365,0.23432,0.35792,0.45049,0.25195,0.12416,0.071498,0.73752,0.44681,0.17763,0.61588,0.062551,0.0059856,0.49186,0.55624,0.5963,0.53482,0.3765,0.60862,1,0.786,0.38794,0.22261,-0.023878,0.13538,0.2622,0.55717,0.38395,0.53985,0.51078,0.54541,0.6057,0.29128,0.36022,0.030646,0.38016,0.56097,0.397,0.80965,0.75682,0.79169,0.4296,0.49866,0.3085,0.34775,0.40792,0.77,0.20901,0.56081,0.51072,0.06593,0.21918,0.38289,0.4171,0.33744,0.12072,0.23766,0.728,0.4195,0.14851,0.67572,-0.011505,0.098822,0.45208,0.57426,0.57102,0.55833,0.34348,0.65747,0.92218,0.79822,0.38919,0.40921,0.077967,0.24917,0.29148,0.46381,0.46942,0.60306,0.45059,0.649,0.55164,0.40443,0.22069,0.29571,0.40863,0.62466,0.33579,0.78104,0.74973,0.77528,0.42625,0.56004
0.20394,0.46137,0.20588,0.53578,0.17039,0.59632,0.34822,0.034922,0.17681,0.29869,0.52162,0.29253,0.098799,0.091631,0.58676,0.47717,0.1461,0.74018,0.049702,-0.0014412,0.46434,0.58671,0.60968,0.48986,0.31259,0.49815,0.786,1,0.51041,0.35829,-0.065235,0.10628,0.2444,0.60203,0.30829,0.53157,0.33468,0.39387,0.53654,0.20924,0.3515,0.029539,0.45361,0.62439,0.37813,0.59035,0.55302,0.56303,0.46355,0.52569,0.19406,0.39781,0.37692,0.54388,0.16739,0.46823,0.40568,-0.0016871,0.13785,0.29032,0.44964,0.33565,0.088555,0.21014,0.57481,0.41573,0.11189,0.74678,-0.050459,0.066047,0.44725,0.56603,0.53536,0.46889,0.26684,0.52015,0.71685,0.83467,0.43129,0.47348,-0.0018936,0.21487,0.27017,0.46006,0.37857,0.57889,0.26246,0.43368,0.46761,0.26916,0.22034,0.24833,0.40098,0.49986,0.27608,0.55551,0.53422,0.54053,0.37992,0.48269
0.13417,0.30743,0.44976,0.25345,0.15474,0.48705,0.3784,0.16375,0.50112,0.20172,0.37212,0.31862,0.44994,0.23771,0.35422,0.39145,0.17773,0.62983,0.23925,0.11288,0.35974,0.38179,0.37502,0.32947,0.17284,0.33038,0.38794,0.51041,1,0.25383,0.44155,0.45628,0.44476,0.52994,0.35678,0.57748,0.063467,0.075093,0.53687,0.52449,0.20449,0.18317,0.34815,0.34118,0.23531,0.28237,0.28733,0.29202,0.27523,0.28641,0.090879,0.22247,0.30563,0.27435,0.15701,0.28492,0.28772,0.12039,0.31842,0.16025,0.31235,0.18,0.28257,0.092611,0.31196,0.29565,0.13563,0.4555,0.10223,0.087597,0.34948,0.34641,0.27337,0.31582,0.12364,0.30589,0.30224,0.44764,0.5082,0.29014,0.32017,0.309,0.33897,0.33924,0.32686,0.44865,0.0222,0.15274,0.32165,0.37808,0.11845,0.19659,0.28834,0.24858,0.13835,0.2652,0.28992,0.28215,0.27005,0.30258
0.45999,0.31452,0.21117,0.27032,0.12631,0.2133,0.090611,-0.011667,0.13106,0.073365,0.40229,0.49974,0.046634,0.39599,0.36504,0.22757,0.032359,0.40187,0.011446,0.074771,0.22374,0.38013,0.42941,0.33169,0.31907,0.34854,0.22261,0.35829,0.25383,1,0.021742,0.13375,0.15039,0.25982,0.053596,0.15493,0.26516,0.26703,0.06222,0.1171,0.12234,0.26644,0.40481,0.47388,0.12919,0.24653,0.26947,0.27256,0.35317,0.30132,0.34002,0.26797,0.071191,0.26664,0.089249,0.17907,0.12697,-0.065508,0.032684,0.11328,0.38578,0.29362,-0.026962,0.30661,0.36482,0.17594,0.0091667,0.30202,0.01533,0.064693,0.23273,0.36972,0.36561,0.33249,0.28128,0.33733,0.20882,0.35894,0.19379,0.52616,-0.090478,0.067061,-0.0043141,0.13878,0.06797,0.15641,0.21078,0.23283,0.025207,-0.020082,0.040508,0.107,0.41243,0.34911,0.10332,0.20546,0.258,0.26001,0.33619,0.30879
0.24986,-0.10818,0.6373,0.11798,0.16179,0.247,0.33813,0.35727,0.76299,0.11841,0.080456,0.28812,0.68208,0.41487,0.15498,0.05,0.092954,0.15735,0.38107,0.26366,0.11129,-0.012593,0.0098394,0.15893,0.15997,0.20009,-0.023878,-0.065235,0.44155,0.021742,1,0.60835,0.51472,-0.0012242,0.31471,0.34943,0.049387,-0.015708,0.38518,0.75891,-0.0056693,0.41007,0.15727,-0.064811,0.12894,0.12414,0.1543,0.12308,0.12163,0.093175,0.21591,-0.13338,0.14404,0.12772,0.15283,0.17416,0.16538,0.28135,0.53254,0.079359,0.10828,0.0034359,0.45114,0.07417,0.11494,-0.024665,0.047622,-0.14443,0.40763,0.22291,0.11742,-0.022525,-0.066483,0.16799,0.12297,0.15494,-0.04659,-0.045342,0.20767,-0.052845,0.60225,0.17343,0.20883,-0.011036,0.20064,0.11571,0.062426,0.089815,0.15109,0.44704,-0.015723,0.12373,0.14031,0.037162,0.10117,0.12769,0.17582,0.13293,0.15617,0.1613
0.1564,0.18413,0.4051,0.18783,0.16547,0.27003,0.4476,0.3764,0.61266,0.16088,0.1663,0.26849,0.43612,0.28069,0.26592,0.30675,0.37084,0.2906,0.30192,0.2008,0.26896,0.24174,0.10073,0.19088,0.25372,0.273,0.13538,0.10628,0.45628,0.13375,0.60835,1,0.43997,0.29843,0.44727,0.46389,0.19877,0.17681,0.3558,0.59439,0.16368,0.40124,0.141,0.073026,0.16518,0.20641,0.20798,0.19117,0.13073,0.082271,0.22294,0.14773,0.20499,0.18907,0.17147,0.24688,0.31588,0.29794,0.50579,0.14445,0.14241,0.22346,0.33642,0.22822,0.24502,0.25406,0.29146,0.14298,0.25447,0.1933,0.23454,0.24405,0.080085,0.21319,0.21818,0.24146,0.12064,0.14242,0.35179,0.16548,0.45379,0.49697,0.31291,0.2344,0.39388,0.33296,0.1909,0.21896,0.25292,0.46732,0.11137,0.39092,0.14365,0.12054,0.11485,0.20487,0.19491,0.19444,0.15696,0.16539
0.17539,0.11978,0.7715,0.20094,0.16439,0.29378,0.40788,0.1204,0.49458,0.18803,0.14524,0.43254,0.54409,0.36948,0.31032,0.2492,0.12322,0.34233,0.23527,0.062992,0.2199,0.22061,0.18118,0.19542,0.13823,0.28462,0.2622,0.2444,0.44476,0.15039,0.51472,0.43997,1,0.52913,0.4335,0.57945,0.18955,0.1283,0.70812,0.5162,0.26353,0.2913,0.10764,0.083249,0.16991,0.22648,0.24293,0.23591,0.10449,0.088793,0.1473,0.099043,0.58213,0.20516,0.13327,0.26216,0.30378,0.077947,0.36186,0.14072,0.11828,0.31189,0.54681,0.23155,0.28006,0.2554,0.10926,0.16441,0.15805,0.094705,0.20834,0.22055,0.095001,0.20306,0.095816,0.222,0.21795,0.17505,0.37495,0.15252,0.49607,0.37689,0.58911,0.5249,0.37142,0.40901,0.13402,0.14011,0.58162,0.43578,0.24111,0.33552,0.10793,0.089554,0.11315,0.20522,0.24555,0.21773,0.12941,0.16385
0.062239,0.47961,0.31206,0.30489,0.14226,0.44157,0.35292,0.014465,0.17846,0.22572,0.29448,0.35956,0.15259,0.11687,0.41291,0.52685,0.28481,0.62175,0.028013,-0.056159,0.40022,0.54701,0.45606,0.27735,0.21024,0.36351,0.55717,0.60203,0.52994,0.25982,-0.0012242,0.29843,0.52913,1,0.3694,0.6178,0.25965,0.27728,0.57214,0.18396,0.42625,0.073602,0.14736,0.37654,0.25541,0.34842,0.29697,0.33008,0.15086,0.15157,0.10152,0.44816,0.53993,0.30253,0.1105,0.37244,0.36229,-0.030406,0.17732,0.17837,0.20548,0.46647,0.18232,0.30202,0.40395,0.5264,0.26228,0.63933,-0.13969,-6.1803e-05,0.37045,0.51667,0.38319,0.29106,0.17552,0.35444,0.49928,0.51217,0.51924,0.39643,0.14749,0.49586,0.5392,0.73146,0.41904,0.61018,0.18697,0.25413,0.56517,0.32866,0.31018,0.41345,0.14151,0.26452,0.14973,0.31681,0.27781,0.30953,0.15154,0.21455
0.014593,0.2504,0.3705,0.40885,0.15233,0.26959,0.72562,0.29088,0.42129,0.36011,0.29635,0.069459,0.13193,-0.10633,0.4436,0.45715,0.36538,0.37538,0.22073,0.069856,0.41663,0.38407,0.22634,0.36827,0.28242,0.39005,0.38395,0.30829,0.35678,0.053596,0.31471,0.44727,0.4335,0.3694,1,0.68195,0.20545,0.22671,0.5855,0.49796,0.25701,0.07189,0.20731,0.20593,0.26939,0.37532,0.42117,0.41737,0.25928,0.22526,0.15746,0.20942,0.38876,0.40816,0.19271,0.31004,0.67529,0.29364,0.48549,0.31308,0.21842,0.24867,0.23266,0.10359,0.41663,0.48154,0.31006,0.35307,0.21698,0.17873,0.38823,0.4068,0.2681,0.39797,0.30963,0.40421,0.38796,0.32503,0.43485,0.2458,0.4233,0.52528,0.4263,0.44126,0.81243,0.67561,0.21378,0.31952,0.57326,0.62557,0.18413,0.39772,0.20846,0.25893,0.22824,0.40982,0.40794,0.40147,0.26814,0.28617
0.14351,0.3613,0.48525,0.40244,0.16051,0.4766,0.63198,0.19966,0.53651,0.31069,0.42398,0.25183,0.33708,0.10139,0.5127,0.5727,0.32392,0.66423,0.27843,0.076823,0.51365,0.50666,0.3662,0.37982,0.31554,0.51087,0.53985,0.53157,0.57748,0.15493,0.34943,0.46389,0.57945,0.6178,0.68195,1,0.2512,0.26138,0.74013,0.62274,0.29955,0.13957,0.2694,0.32725,0.30745,0.43282,0.4246,0.4266,0.29645,0.24935,0.23505,0.33233,0.5503,0.41126,0.17754,0.44585,0.6016,0.2119,0.56611,0.26794,0.31664,0.42171,0.39161,0.25939,0.49073,0.56184,0.30654,0.58272,0.18715,0.14655,0.48611,0.53238,0.34425,0.40534,0.32813,0.49931,0.50514,0.50661,0.62827,0.36471,0.50014,0.58405,0.63889,0.63261,0.71749,0.81106,0.22332,0.33462,0.67722,0.71052,0.27161,0.43499,0.25449,0.2971,0.21911,0.44376,0.42597,0.42345,0.311,0.30552
0.38084,0.22157,0.17915,0.52826,0.14576,0.31493,0.27169,0.15739,0.23786,0.18402,0.2771,0.29374,0.10123,0.21925,0.55569,0.27676,0.19695,0.24306,0.0061022,0.10637,0.32087,0.34094,0.29839,0.30783,0.43225,0.47792,0.51078,0.33468,0.063467,0.26516,0.049387,0.19877,0.18955,0.25965,0.20545,0.2512,1,0.86229,0.2477,0.23519,0.24661,0.19439,0.25241,0.36233,0.25461,0.56901,0.46824,0.49968,0.30605,0.25651,0.42882,0.25801,0.23828,0.50534,0.20804,0.42048,0.33844,0.11477,0.27764,0.25899,0.29841,0.38964,0.111,0.40537,0.57662,0.27201,0.18581,0.28348,0.064958,0.15154,0.27714,0.41672,0.33206,0.35377,0.41363,0.47735,0.55755,0.43558,0.18509,0.36515,0.10296,0.25859,0.15357,0.28047,0.27907,0.3117,0.81425,0.74152,0.31168,0.29907,0.1809,0.30012,0.33082,0.45836,0.24519,0.5223,0.4407,0.50543,0.3327,0.37215
0.35979,0.2596,0.10594,0.5459,0.15161,0.34442,0.28031,0.14779,0.1929,0.21154,0.33297,0.24113,0.019425,0.14612,0.5269,0.30255,0.2121,0.29488,3.3315e-05,0.079413,0.34784,0.38091,0.33398,0.34084,0.44347,0.49481,0.54541,0.39387,0.075093,0.26703,-0.015708,0.17681,0.1283,0.27728,0.22671,0.26138,0.86229,1,0.2189,0.21538,0.24872,0.14326,0.28696,0.4283,0.26887,0.59937,0.49409,0.5079,0.33445,0.30977,0.41534,0.29007,0.21344,0.53542,0.19964,0.44762,0.37056,0.12052,0.25001,0.28861,0.34533,0.38385,0.036115,0.38116,0.55975,0.30214,0.18991,0.3668,0.045499,0.13241,0.30431,0.45053,0.39011,0.3822,0.42462,0.51309,0.60605,0.51759,0.22071,0.40173,0.061041,0.26061,0.13711,0.28764,0.3237,0.34928,0.76637,0.80584,0.2973,0.30117,0.16322,0.28861,0.36561,0.5123,0.25979,0.57161,0.46876,0.51611,0.35405,0.40725
0.11453,0.23847,0.65637,0.39066,0.19579,0.52415,0.55382,0.16325,0.49133,0.32991,0.30561,0.30333,0.48695,0.16988,0.4741,0.39368,0.16301,0.54118,0.21073,0.028541,0.38447,0.3676,0.36663,0.35753,0.17858,0.43454,0.6057,0.53654,0.53687,0.06222,0.38518,0.3558,0.70812,0.57214,0.5855,0.74013,0.2477,0.2189,1,0.5538,0.33497,0.10889,0.22768,0.22219,0.32919,0.46259,0.43494,0.43218,0.25659,0.22734,0.12022,0.18433,0.67271,0.39935,0.1972,0.43083,0.48545,0.14093,0.40453,0.27315,0.24425,0.30506,0.49369,0.13862,0.43604,0.36824,0.15273,0.42774,0.12591,0.099157,0.35953,0.38316,0.28603,0.36759,0.1559,0.39323,0.53302,0.45992,0.4522,0.19336,0.46128,0.3764,0.56637,0.58524,0.55251,0.64027,0.21528,0.31322,0.78728,0.55861,0.2957,0.3534,0.21349,0.25892,0.2387,0.45481,0.43599,0.41751,0.27152,0.31645
0.40609,0.06512,0.62176,0.38086,0.19659,0.44732,0.50541,0.34061,0.86175,0.22071,0.30349,0.33011,0.62232,0.37605,0.41584,0.26599,0.20135,0.4892,0.42381,0.2445,0.33049,0.24188,0.23044,0.35368,0.34168,0.49112,0.29128,0.20924,0.52449,0.1171,0.75891,0.59439,0.5162,0.18396,0.49796,0.62274,0.23519,0.21538,0.5538,1,0.089281,0.35814,0.31034,0.18093,0.23602,0.4017,0.41707,0.39287,0.29676,0.24281,0.38982,0.040875,0.27954,0.38954,0.20543,0.37601,0.39458,0.30962,0.67825,0.21292,0.29317,0.2027,0.46862,0.2112,0.37412,0.20576,0.14657,0.18853,0.39394,0.2528,0.31705,0.26727,0.16955,0.37649,0.30779,0.44852,0.26316,0.24926,0.41107,0.18125,0.60821,0.33099,0.36412,0.19877,0.45506,0.4274,0.22657,0.33139,0.34443,0.68781,0.081504,0.24279,0.31487,0.2726,0.19638,0.39473,0.41624,0.39731,0.34445,0.34191
0.028402,0.28728,0.12805,0.2524,0.13976,0.28169,0.25047,0.17259,0.11191,0.20403,0.1959,0.15594,0.11725,0.029521,0.29095,0.32882,0.2221,0.32493,0.032221,-0.021421,0.2854,0.38237,0.32779,0.26163,0.17932,0.27216,0.36022,0.3515,0.20449,0.12234,-0.0056693,0.16368,0.26353,0.42625,0.25701,0.29955,0.24661,0.24872,0.33497,0.089281,1,0.06155,0.13374,0.25155,0.2021,0.28161,0.23208,0.24984,0.15631,0.15484,0.046785,0.25556,0.2952,0.23839,0.095333,0.24381,0.25294,0.042328,0.085805,0.15432,0.14561,0.25877,0.13846,0.15355,0.29124,0.31075,0.1921,0.36988,-0.068265,0.024595,0.261,0.35193,0.29654,0.25739,0.15205,0.26269,0.34099,0.32586,0.19172,0.22587,0.050596,0.26034,0.26802,0.35482,0.25129,0.32772,0.2093,0.25102,0.35775,0.16198,0.21803,0.27558,0.11983,0.23079,0.14805,0.26567,0.22385,0.25168,0.15453,0.1875
0.39974,0.050979,0.39211,0.099723,0.13061,0.23407,0.11221,0.16205,0.405,0.061513,0.091732,0.50953,0.37646,0.60344,0.17441,0.070721,0.060031,0.15077,0.19304,0.19826,0.086208,0.11155,0.088198,0.060335,0.28755,0.20216,0.030646,0.029539,0.18317,0.26644,0.41007,0.40124,0.2913,0.073602,0.07189,0.13957,0.19439,0.14326,0.10889,0.35814,0.06155,1,0.12772,0.046516,0.15392,0.13571,0.12313,0.097586,0.098772,0.045899,0.3247,0.024596,0.018467,0.092918,0.081899,0.16099,0.063102,0.078512,0.25151,0.070549,0.12054,0.21389,0.20161,0.35474,0.16336,0.0028607,0.026455,-0.058191,0.23421,0.15109,0.090285,0.071827,-0.0092792,0.072529,0.22117,0.15703,0.017213,0.039871,0.07276,0.11281,0.17504,0.10111,0.017127,-0.024454,0.047969,0.017382,0.17228,0.14655,-0.015698,0.14405,0.005707,0.18762,0.15162,0.084475,0.11219,0.11039,0.12741,0.08892,0.11661,0.13015
0.35404,0.20636,0.1942,0.448,0.17109,0.32968,0.25699,0.11573,0.29232,0.1852,0.66368,0.21289,0.15419,0.16846,0.41518,0.23054,0.043051,0.46976,0.11081,0.11771,0.38475,0.40174,0.4638,0.5683,0.36032,0.53087,0.38016,0.45361,0.34815,0.40481,0.15727,0.141,0.10764,0.14736,0.20731,0.2694,0.25241,0.28696,0.22768,0.31034,0.13374,0.12772,1,0.53235,0.19626,0.39059,0.435,0.43233,0.71869,0.57359,0.32749,0.17096,0.11341,0.45728,0.16407,0.26176,0.26954,0.099671,0.20366,0.20492,0.637,0.16183,0.059443,0.11998,0.38826,0.174,-0.0062569,0.3672,0.132,0.11999,0.38677,0.40625,0.44229,0.55412,0.32068,0.53705,0.36551,0.50202,0.25853,0.43655,0.09734,0.060871,0.038688,0.095827,0.22037,0.28411,0.20798,0.33578,0.13322,0.21646,0.029185,0.061909,0.69663,0.51637,0.2018,0.37037,0.44142,0.43211,0.63939,0.5434
0.34863,0.38895,0.076394,0.52719,0.15388,0.41773,0.25015,0.058976,0.16521,0.24401,0.49017,0.2552,0.0047837,0.089014,0.52805,0.39991,0.14456,0.62841,0.031139,0.026747,0.47068,0.60313,0.69224,0.63924,0.40223,0.56038,0.56097,0.62439,0.34118,0.47388,-0.064811,0.073026,0.083249,0.37654,0.20593,0.32725,0.36233,0.4283,0.22219,0.18093,0.25155,0.046516,0.53235,1,0.26877,0.5123,0.51507,0.52046,0.51538,0.61836,0.33137,0.37112,0.1679,0.53674,0.16253,0.35978,0.34212,0.047788,0.1541,0.24239,0.44186,0.31607,-0.021784,0.21957,0.52341,0.34631,0.10393,0.62348,-0.007977,0.098704,0.42151,0.58775,0.67704,0.6175,0.37205,0.58775,0.54662,0.63028,0.3289,0.58189,-0.027484,0.16991,0.12013,0.28818,0.27741,0.39066,0.30829,0.45525,0.21673,0.19164,0.11801,0.16437,0.50314,0.64895,0.22866,0.4907,0.49655,0.51782,0.43828,0.53341
0.18371,0.21146,0.21153,0.30384,0.20207,0.45208,0.29013,0.15626,0.23301,0.34068,0.23707,0.23285,0.14675,0.12155,0.3308,0.23755,0.10851,0.32892,0.10166,0.13234,0.27208,0.31244,0.31816,0.27156,0.32396,0.32833,0.397,0.37813,0.23531,0.12919,0.12894,0.16518,0.16991,0.25541,0.26939,0.30745,0.25461,0.26887,0.32919,0.23602,0.2021,0.15392,0.19626,0.26877,1,0.39802,0.34144,0.32169,0.20588,0.22697,0.19694,0.15155,0.18508,0.30733,0.16829,0.3493,0.28027,0.11668,0.21665,0.24959,0.19579,0.19384,0.087466,0.1773,0.33296,0.17673,0.067947,0.29468,0.092683,0.12358,0.27047,0.28538,0.26945,0.27146,0.27586,0.33336,0.37552,0.36667,0.1816,0.19248,0.10605,0.13471,0.10486,0.18191,0.28358,0.29554,0.23013,0.29867,0.25674,0.26576,0.1314,0.17539,0.20663,0.30701,0.28939,0.39626,0.32217,0.31832,0.20824,0.27142
0.37298,0.2901,0.24342,0.80591,0.20937,0.54939,0.43376,0.15959,0.346,0.34889,0.41994,0.2758,0.17558,0.152,0.7622,0.3547,0.18405,0.49768,0.12174,0.093078,0.49479,0.48703,0.52139,0.53813,0.47621,0.66168,0.80965,0.59035,0.28237,0.24653,0.12414,0.20641,0.22648,0.34842,0.37532,0.43282,0.56901,0.59937,0.46259,0.4017,0.28161,0.13571,0.39059,0.5123,0.39802,1,0.80142,0.83958,0.43861,0.46139,0.41349,0.27192,0.2932,0.7987,0.22535,0.51607,0.50379,0.1357,0.29067,0.41522,0.40244,0.30773,0.13962,0.26145,0.75419,0.32766,0.13916,0.50919,0.094447,0.15892,0.44483,0.5142,0.51555,0.57435,0.41696,0.69367,0.81021,0.66376,0.3039,0.40055,0.14224,0.22839,0.19421,0.30979,0.45149,0.48593,0.51533,0.70583,0.41265,0.42933,0.15499,0.27687,0.42787,0.63516,0.35223,0.83585,0.79122,0.81502,0.44941,0.56125
0.35108,0.26837,0.26378,0.85526,0.19657,0.45997,0.46779,0.17097,0.35631,0.36918,0.45244,0.24806,0.17917,0.13958,0.78934,0.32764,0.15468,0.4888,0.1318,0.10533,0.46853,0.49229,0.51482,0.58203,0.43954,0.64066,0.75682,0.55302,0.28733,0.26947,0.1543,0.20798,0.24293,0.29697,0.42117,0.4246,0.46824,0.49409,0.43494,0.41707,0.23208,0.12313,0.435,0.51507,0.34144,0.80142,1,0.85309,0.4881,0.51499,0.41007,0.23045,0.25628,0.84407,0.21817,0.44414,0.53182,0.15415,0.30263,0.40076,0.44924,0.24127,0.13718,0.19697,0.78237,0.29722,0.10857,0.47884,0.11469,0.18084,0.43836,0.50807,0.51013,0.61075,0.39618,0.68413,0.75471,0.62892,0.30727,0.40914,0.16,0.18745,0.18167,0.26358,0.46822,0.46195,0.43049,0.63346,0.3654,0.42652,0.13114,0.22305,0.47587,0.63477,0.31674,0.78411,0.8514,0.8336,0.49882,0.59026
0.35424,0.27372,0.23564,0.87257,0.1939,0.45678,0.45294,0.15285,0.33612,0.33064,0.44353,0.2377,0.1359,0.11724,0.80612,0.34741,0.17749,0.48947,0.10639,0.088323,0.46157,0.49387,0.52395,0.58643,0.42866,0.64756,0.79169,0.56303,0.29202,0.27256,0.12308,0.19117,0.23591,0.33008,0.41737,0.4266,0.49968,0.5079,0.43218,0.39287,0.24984,0.097586,0.43233,0.52046,0.32169,0.83958,0.85309,1,0.47947,0.50866,0.41113,0.25434,0.25566,0.86727,0.21982,0.4514,0.51987,0.14603,0.28085,0.38868,0.43971,0.23752,0.10845,0.19414,0.79393,0.32022,0.12733,0.48884,0.099326,0.17101,0.42833,0.51228,0.51092,0.61507,0.39265,0.69311,0.78497,0.63491,0.31021,0.4131,0.13491,0.20551,0.18678,0.2859,0.46935,0.47493,0.44233,0.64509,0.37738,0.41592,0.11972,0.23092,0.47146,0.64618,0.3117,0.79708,0.84259,0.88693,0.49936,0.59679
0.32924,0.23309,0.1698,0.51058,0.1779,0.30178,0.28982,0.14543,0.26866,0.22062,0.65052,0.16249,0.10603,0.1023,0.46782,0.26855,0.095969,0.45355,0.092591,0.11634,0.43862,0.45598,0.45592,0.60341,0.39963,0.58297,0.4296,0.46355,0.27523,0.35317,0.12163,0.13073,0.10449,0.15086,0.25928,0.29645,0.30605,0.33445,0.25659,0.29676,0.15631,0.098772,0.71869,0.51538,0.20588,0.43861,0.4881,0.47947,1,0.57592,0.32744,0.19696,0.12422,0.50814,0.15858,0.27821,0.32889,0.12932,0.21313,0.2548,0.63932,0.18355,0.054563,0.10805,0.43024,0.23988,0.058645,0.40051,0.1162,0.1299,0.43586,0.46466,0.46359,0.59548,0.34784,0.59149,0.42845,0.52061,0.25695,0.4355,0.1076,0.10792,0.065467,0.11925,0.27885,0.34757,0.26683,0.40193,0.18893,0.2463,0.054189,0.10994,0.6749,0.5437,0.19632,0.42186,0.4954,0.48373,0.7055,0.55728
0.26373,0.21295,0.13911,0.528,0.14389,0.35984,0.2812,0.12521,0.20508,0.22508,0.46926,0.12879,0.060676,0.033247,0.43887,0.2391,0.052322,0.43524,0.068209,0.079318,0.35017,0.37597,0.4803,0.64963,0.35042,0.49823,0.49866,0.52569,0.28641,0.30132,0.093175,0.082271,0.088793,0.15157,0.22526,0.24935,0.25651,0.30977,0.22734,0.24281,0.15484,0.045899,0.57359,0.61836,0.22697,0.46139,0.51499,0.50866,0.57592,1,0.30344,0.16156,0.12293,0.5438,0.16781,0.28625,0.31733,0.092791,0.18166,0.2322,0.45425,0.12574,0.023893,0.073502,0.41237,0.19415,0.013,0.37811,0.090753,0.10952,0.31747,0.36766,0.44541,0.58208,0.30037,0.53546,0.45498,0.53943,0.21909,0.36135,0.071624,0.05938,0.03686,0.11755,0.25884,0.27564,0.20176,0.37331,0.17145,0.23353,0.031578,0.077283,0.50841,0.57039,0.2251,0.45339,0.50144,0.50606,0.43743,0.66177
