1,0.24093,0.42833,0.36958,0.13393,0.41075,0.26049,0.18867,0.59668,0.17888,0.38225,0.54015,0.32121,0.53018,0.31578,0.24822,0.10712,0.4686,0.19809,0.20645,0.37322,0.36069,0.4343,0.45844,0.58211,0.66002,0.33632,0.35648,0.34688,0.4466,0.37583,0.3413,0.26516,0.29903,0.28904,0.37466,0.29863,0.3925,0.30968,0.54969,0.095182,0.35708,0.36833,0.44251,0.24949,0.43462,0.35834,0.36663,0.37961,0.39216,0.66753,0.22413,0.30799,0.36455,0.12917,0.36274,0.2387,0.16068,0.48559,0.18651,0.37794,0.35483,0.22862,0.35983,0.3064,0.19287,0.079668,0.34818,0.15159,0.14618,0.34499,0.35427,0.39999,0.44061,0.50601,0.56777,0.33377,0.35426,0.29047,0.36216,0.28606,0.26015,0.16233,0.20689,0.29342,0.30245,0.30297,0.42455,0.24647,0.44641,0.092294,0.2645,0.35876,0.40346,0.2045,0.42837,0.35902,0.36375,0.37823,0.40003
0.24093,1,0.20678,0.36238,0.099848,0.26467,0.26127,0.099169,0.17015,0.16354,0.36201,0.37648,0.06452,0.28839,0.37326,0.42756,0.21563,0.47374,0.02873,0.055462,0.37118,0.4865,0.43343,0.36502,0.31344,0.35495,0.3753,0.38123,0.3281,0.46778,0.079525,0.3262,0.26189,0.4684,0.26192,0.38104,0.27431,0.28479,0.24971,0.16069,0.19118,0.26947,0.29908,0.38502,0.1716,0.30157,0.34849,0.33905,0.3342,0.28259,0.29243,0.44138,0.22166,0.36136,0.092586,0.26128,0.26066,0.083197,0.17354,0.15941,0.3501,0.39066,0.029824,0.34588,0.37115,0.39328,0.19548,0.47027,-0.00065272,0.037423,0.3634,0.47532,0.43049,0.35644,0.30437,0.3701,0.35784,0.37205,0.34243,0.47024,0.072945,0.28543,0.22639,0.39636,0.28297,0.3771,0.27185,0.29771,0.24324,0.21124,0.15718,0.23633,0.28505,0.36088,0.1495,0.29194,0.34281,0.33461,0.33219,0.26715
0.42833,0.20678,1,0.20981,0.15244,0.50662,0.40739,0.26408,0.64031,0.26566,0.24768,0.52167,0.53566,0.50128,0.29961,0.31403,0.17208,0.45351,0.25445,0.14837,0.29006,0.23885,0.34272,0.28388,0.32133,0.35578,0.29925,0.34639,0.59885,0.36122,0.562,0.52969,0.64056,0.52082,0.43879,0.52222,0.26364,0.2668,0.73889,0.6605,0.21021,0.38838,0.25788,0.2838,0.26029,0.2894,0.26642,0.27706,0.23869,0.24877,0.3077,0.19128,0.63505,0.20695,0.12806,0.39932,0.35271,0.21871,0.49208,0.22849,0.23125,0.30762,0.4168,0.25832,0.29399,0.23944,0.11891,0.27499,0.22921,0.097591,0.28474,0.21176,0.25257,0.27763,0.27091,0.31654,0.25998,0.26814,0.41986,0.24704,0.44505,0.39925,0.3939,0.39367,0.38493,0.40712,0.26046,0.26896,0.56901,0.5198,0.16059,0.30328,0.24632,0.2343,0.20827,0.27996,0.24502,0.25777,0.2509,0.2603
0.36958,0.36238,0.20981,1,0.11327,0.2995,0.37129,0.12449,0.23574,0.23401,0.47415,0.31888,0.058696,0.23704,0.78711,0.37195,0.14172,0.45006,0.075081,0.088619,0.42668,0.45788,0.44484,0.48153,0.3873,0.48952,0.72771,0.51137,0.29065,0.43249,0.083412,0.22512,0.22558,0.37272,0.45806,0.47563,0.52018,0.53042,0.33547,0.2608,0.13902,0.22029,0.39993,0.53319,0.21161,0.59814,0.77081,0.78517,0.47665,0.45249,0.40268,0.35256,0.2359,0.89832,0.11509,0.31133,0.39074,0.11459,0.23077,0.25326,0.47177,0.33373,0.039431,0.27595,0.77545,0.35716,0.1318,0.46763,0.057915,0.064293,0.41307,0.47381,0.47753,0.48379,0.36636,0.49277,0.71322,0.54149,0.33178,0.46154,0.075803,0.22438,0.20321,0.3436,0.50229,0.47043,0.49877,0.56925,0.33644,0.30696,0.12823,0.19897,0.39819,0.54212,0.20505,0.57955,0.76415,0.78404,0.47807,0.4583
0.13393,0.099848,0.15244,0.11327,1,0.18587,0.14346,0.13519,0.17887,0.16266,0.13582,0.1225,0.12117,0.12098,0.11215,0.1094,0.095176,0.14187,0.077042,0.15027,0.12919,0.14857,0.14369,0.1534,0.16883,0.15332,0.13318,0.14047,0.14252,0.11382,0.1376,0.14524,0.10501,0.11607,0.15876,0.14914,0.11018,0.12951,0.16682,0.16465,0.083175,0.12773,0.13211,0.1362,0.19784,0.15358,0.1296,0.12543,0.13102,0.1393,0.12457,0.099965,0.12593,0.11348,0.093821,0.16306,0.1358,0.12117,0.15619,0.12768,0.12948,0.09268,0.096541,0.094083,0.11077,0.091428,0.077079,0.11791,0.075656,0.072135,0.12379,0.13172,0.13033,0.1482,0.14839,0.14522,0.12591,0.13307,0.1186,0.10601,0.11679,0.12328,0.062555,0.08308,0.15551,0.13022,0.10655,0.13363,0.1405,0.14956,0.052933,0.099196,0.12454,0.13056,0.13673,0.15147,0.12224,0.12054,0.12808,0.13855
0.41075,0.26467,0.50662,0.2995,0.18587,1,0.25503,0.15788,0.50286,0.23705,0.32035,0.45336,0.37968,0.4234,0.30953,0.29408,0.077883,0.58582,0.12245,0.16357,0.29287,0.35706,0.47082,0.35396,0.35894,0.38242,0.53451,0.57345,0.43479,0.33371,0.26797,0.2683,0.37125,0.47379,0.24534,0.38707,0.35476,0.42455,0.58424,0.41298,0.22893,0.28777,0.29931,0.37697,0.41406,0.4924,0.32083,0.35271,0.29161,0.33254,0.3325,0.25613,0.42387,0.3,0.15932,0.59098,0.24108,0.13006,0.38583,0.22635,0.30719,0.35854,0.29537,0.33689,0.30526,0.25044,0.054346,0.47454,0.10918,0.11091,0.27093,0.3322,0.39255,0.33429,0.31679,0.35264,0.49624,0.50464,0.34014,0.30655,0.21026,0.20598,0.26046,0.36081,0.25474,0.3481,0.34622,0.42096,0.50261,0.3589,0.20657,0.23299,0.2833,0.35097,0.33255,0.44893,0.31711,0.34123,0.29081,0.33275
0.26049,0.26127,0.40739,0.37129,0.14346,0.25503,1,0.36141,0.43392,0.34432,0.30018,0.18555,0.17962,0.16143,0.40012,0.45119,0.33882,0.2687,0.24991,0.13699,0.34265,0.27831,0.19615,0.30098,0.32342,0.34173,0.31506,0.25284,0.36314,0.24761,0.39046,0.48462,0.36013,0.28893,0.7095,0.60348,0.3188,0.31146,0.51297,0.51574,0.14149,0.26847,0.25546,0.24915,0.22339,0.30542,0.42219,0.36469,0.29136,0.27696,0.25456,0.25906,0.35629,0.36668,0.14058,0.26439,0.60437,0.34526,0.42114,0.30754,0.28427,0.15156,0.17336,0.13171,0.39927,0.41022,0.30064,0.23076,0.25039,0.10831,0.33697,0.27696,0.21012,0.30065,0.30948,0.33264,0.29766,0.25164,0.34015,0.22545,0.36596,0.4563,0.27529,0.27478,0.65556,0.53146,0.32204,0.31967,0.44153,0.48549,0.11122,0.24438,0.2516,0.24269,0.19764,0.31023,0.37311,0.35684,0.29784,0.27298
0.18867,0.099169,0.26408,0.12449,0.13519,0.15788,0.36141,1,0.3768,0.25162,0.17448,0.078706,0.22905,0.11876,0.14784,0.1386,0.35077,0.036053,0.30507,0.18495,0.18101,0.10843,0.07801,0.19454,0.25167,0.21909,0.065233,0.068064,0.23943,0.11673,0.4434,0.43128,0.13075,0.026665,0.42058,0.26311,0.15083,0.16669,0.24286,0.40682,0.15231,0.21715,0.18588,0.13765,0.19045,0.16682,0.17012,0.14645,0.18615,0.1942,0.15254,0.097599,0.13693,0.1195,0.12551,0.14134,0.31936,0.41854,0.30925,0.22463,0.16634,-0.029397,0.17075,0.0097894,0.14323,0.09124,0.25375,-0.017608,0.26526,0.13829,0.17888,0.10943,0.07838,0.19704,0.23021,0.19556,0.057509,0.082003,0.14184,0.059393,0.32376,0.31931,0.0085445,-0.037765,0.35514,0.17495,0.15683,0.17908,0.14547,0.28577,0.031032,0.16606,0.1828,0.13266,0.16633,0.18229,0.15039,0.14093,0.18758,0.20036
0.59668,0.17015,0.64031,0.23574,0.17887,0.50286,0.43392,0.3768,1,0.27445,0.27903,0.42708,0.55508,0.47788,0.26102,0.28269,0.23798,0.40162,0.38115,0.29238,0.30222,0.2497,0.26817,0.33851,0.49345,0.45906,0.23569,0.27646,0.47257,0.29218,0.68083,0.56717,0.42523,0.26515,0.47684,0.48874,0.27423,0.33153,0.5365,0.8193,0.12968,0.41144,0.27577,0.28015,0.29257,0.35401,0.28311,0.28211,0.27752,0.30144,0.44479,0.17017,0.43501,0.23009,0.1629,0.41893,0.37904,0.32974,0.69623,0.24554,0.26653,0.22484,0.43749,0.25773,0.25408,0.21627,0.17658,0.24052,0.32667,0.20503,0.2851,0.22846,0.23103,0.32301,0.40677,0.37811,0.22176,0.25617,0.35105,0.20528,0.54707,0.43623,0.24361,0.17472,0.42592,0.36524,0.28529,0.34563,0.39853,0.62364,0.10323,0.30091,0.26306,0.25101,0.23199,0.35142,0.26507,0.27217,0.2799,0.3002
0.17888,0.16354,0.26566,0.23401,0.16266,0.23705,0.34432,0.25162,0.27445,1,0.2273,0.14196,0.13018,0.11588,0.24874,0.19008,0.18959,0.19021,0.13352,0.12734,0.22536,0.20283,0.17844,0.23016,0.25514,0.24571,0.25418,0.21447,0.2707,0.16575,0.22611,0.26344,0.16629,0.18156,0.42104,0.3545,0.18835,0.20945,0.35003,0.31552,0.087053,0.17663,0.1983,0.19623,0.33986,0.27806,0.32338,0.25393,0.20727,0.212,0.18717,0.16531,0.25706,0.23329,0.13004,0.22814,0.34115,0.24695,0.27585,0.3328,0.21456,0.1194,0.13362,0.10234,0.24781,0.17244,0.17061,0.16214,0.14624,0.10171,0.217,0.19585,0.17407,0.22628,0.24801,0.23937,0.23647,0.20661,0.24792,0.1548,0.21715,0.25476,0.11997,0.16244,0.41954,0.32323,0.18336,0.2179,0.31027,0.32054,0.077606,0.1593,0.19565,0.19587,0.25422,0.27743,0.28555,0.24811,0.21096,0.21512
0.38225,0.36201,0.24768,0.47415,0.13582,0.32035,0.30018,0.17448,0.27903,0.2273,1,0.33912,0.1189,0.26526,0.39814,0.38378,0.14519,0.51857,0.10276,0.11012,0.45632,0.51151,0.54866,0.60953,0.4283,0.52766,0.46978,0.52804,0.38947,0.54858,0.15847,0.25771,0.21249,0.35292,0.3379,0.44967,0.32302,0.39194,0.29278,0.28602,0.13035,0.23525,0.69021,0.60709,0.22773,0.42358,0.44703,0.42889,0.69777,0.58334,0.40742,0.34441,0.25611,0.47597,0.13965,0.32717,0.30781,0.16138,0.27338,0.2392,0.72133,0.32859,0.096206,0.27724,0.39812,0.3328,0.13114,0.50858,0.090207,0.087882,0.44785,0.51954,0.55947,0.60289,0.41275,0.54761,0.45865,0.54136,0.3921,0.54567,0.14504,0.24412,0.17639,0.30333,0.3711,0.4206,0.31028,0.42696,0.28457,0.31304,0.12289,0.21053,0.65939,0.5907,0.22188,0.42602,0.45471,0.43362,0.68095,0.57725
0.54015,0.37648,0.52167,0.31888,0.1225,0.45336,0.18555,0.078706,0.42708,0.14196,0.33912,1,0.39343,0.72947,0.35488,0.33619,0.074174,0.63188,0.095002,0.11908,0.36616,0.50531,0.58767,0.39394,0.43191,0.47327,0.37957,0.42077,0.43372,0.56415,0.27402,0.36065,0.40893,0.59301,0.16884,0.35055,0.29107,0.31417,0.38297,0.3452,0.22938,0.4757,0.30372,0.43424,0.23776,0.35342,0.32372,0.33734,0.30113,0.2734,0.45531,0.33993,0.37274,0.31556,0.095122,0.35588,0.15621,0.032951,0.30261,0.13372,0.33439,0.59237,0.23888,0.55396,0.34592,0.27359,0.051471,0.50504,0.039696,0.066155,0.35167,0.45301,0.49024,0.37519,0.36927,0.43415,0.35611,0.37693,0.35088,0.492,0.16536,0.24633,0.25078,0.41155,0.17419,0.29318,0.28901,0.32677,0.29005,0.28455,0.18398,0.35483,0.29163,0.38685,0.18067,0.33418,0.31885,0.32675,0.30921,0.27992
0.32121,0.06452,0.53566,0.058696,0.12117,0.37968,0.17962,0.22905,0.55508,0.13018,0.1189,0.39343,1,0.51594,0.12181,0.13552,0.086219,0.24445,0.23539,0.17468,0.15,0.12211,0.16799,0.14444,0.22983,0.20551,0.080904,0.11586,0.30005,0.16959,0.5347,0.37565,0.37866,0.20903,0.14732,0.16087,0.16504,0.16633,0.37804,0.48234,0.18303,0.3606,0.12941,0.12076,0.18176,0.16978,0.10143,0.12497,0.11887,0.11916,0.20348,0.061424,0.27823,0.057221,0.092597,0.26577,0.12282,0.16579,0.35961,0.10239,0.11641,0.17204,0.48773,0.22813,0.11843,0.05768,0.02525,0.094207,0.17919,0.10521,0.15272,0.094022,0.11339,0.14578,0.17621,0.17473,0.068315,0.085981,0.13321,0.085872,0.35725,0.19631,0.15009,0.073791,0.088526,0.060592,0.17455,0.17247,0.22616,0.27981,0.1174,0.2153,0.12685,0.10899,0.13299,0.16721,0.094859,0.11561,0.13196,0.13572
0.53018,0.28839,0.50128,0.23704,0.12098,0.4234,0.16143,0.11876,0.47788,0.11588,0.26526,0.72947,0.51594,1,0.28185,0.26962,0.079902,0.51112,0.14447,0.14911,0.29975,0.39269,0.43947,0.30253,0.39694,0.40593,0.27253,0.30913,0.35926,0.45455,0.37077,0.38309,0.37919,0.46178,0.1365,0.26174,0.25965,0.27234,0.32793,0.37555,0.21594,0.50491,0.24428,0.3339,0.21448,0.29651,0.24875,0.26877,0.2445,0.21966,0.41964,0.25459,0.30383,0.23394,0.090266,0.31662,0.12098,0.060134,0.32164,0.10266,0.2629,0.48139,0.31641,0.53703,0.27486,0.19363,0.041836,0.36898,0.066236,0.083644,0.29341,0.34694,0.36083,0.29248,0.32987,0.3575,0.25878,0.27615,0.2429,0.36593,0.22122,0.22142,0.1821,0.27269,0.11956,0.1873,0.26716,0.28465,0.21329,0.25871,0.16331,0.33934,0.23723,0.29629,0.15542,0.27983,0.24576,0.26099,0.25381,0.23146
0.31578,0.37326,0.29961,0.78711,0.11215,0.30953,0.40012,0.14784,0.26102,0.24874,0.39814,0.35488,0.12181,0.28185,1,0.38913,0.18052,0.44318,0.086839,0.081895,0.44834,0.44209,0.41673,0.42022,0.34237,0.43395,0.62645,0.45182,0.32518,0.4199,0.13949,0.29406,0.28338,0.40451,0.46181,0.47536,0.57695,0.50488,0.39563,0.28123,0.16978,0.27457,0.34025,0.45658,0.20762,0.54258,0.7362,0.78536,0.40773,0.36006,0.34108,0.36669,0.32206,0.76709,0.10922,0.30709,0.4164,0.1436,0.26125,0.25624,0.39129,0.36281,0.12016,0.31478,0.88722,0.37735,0.17255,0.44068,0.087444,0.060497,0.43503,0.44931,0.43188,0.41586,0.32166,0.43019,0.60998,0.46004,0.35809,0.43608,0.14651,0.30342,0.26237,0.38668,0.50056,0.47127,0.5428,0.51063,0.39245,0.32635,0.15837,0.2579,0.33593,0.44772,0.19424,0.50686,0.70249,0.75075,0.41109,0.35609
0.24822,0.42756,0.31403,0.37195,0.1094,0.29408,0.45119,0.1386,0.28269,0.19008,0.38378,0.33619,0.13552,0.26962,0.38913,1,0.25096,0.48475,0.082212,0.058838,0.38582,0.44512,0.36017,0.34009,0.31309,0.36285,0.38873,0.36911,0.34389,0.39059,0.16721,0.36926,0.39995,0.49144,0.4265,0.53473,0.32708,0.31648,0.41954,0.2994,0.23223,0.26597,0.2783,0.33765,0.17004,0.29977,0.34818,0.35436,0.32979,0.27365,0.29144,0.39388,0.32114,0.37294,0.10682,0.29617,0.42306,0.13384,0.29083,0.178,0.35093,0.36691,0.11166,0.32504,0.39067,0.56719,0.23926,0.46765,0.079144,0.045932,0.38422,0.43889,0.36688,0.33328,0.3111,0.38013,0.36976,0.35338,0.36468,0.40286,0.18549,0.37067,0.36386,0.45625,0.42806,0.51636,0.3298,0.32251,0.38903,0.34233,0.19717,0.25556,0.26865,0.32216,0.14638,0.29087,0.3403,0.35075,0.3336,0.2601
0.10712,0.21563,0.17208,0.14172,0.095176,0.077883,0.33882,0.35077,0.23798,0.18959,0.14519,0.074174,0.086219,0.079902,0.18052,0.25096,1,0.082098,0.1737,0.10491,0.20511,0.16946,0.054017,0.13701,0.19684,0.18474,0.081034,0.051078,0.22021,0.12599,0.30005,0.45574,0.19277,0.1469,0.37618,0.28974,0.15098,0.14274,0.1819,0.28029,0.10755,0.22889,0.11926,0.10168,0.10452,0.12278,0.16569,0.14526,0.13726,0.12273,0.12251,0.1983,0.14047,0.13823,0.08898,0.099991,0.31319,0.29888,0.24052,0.16489,0.13294,0.055811,0.076225,0.081653,0.17571,0.23824,0.37062,0.066084,0.16207,0.083591,0.20289,0.16343,0.068767,0.13384,0.18801,0.17444,0.07529,0.062019,0.19425,0.1103,0.27043,0.40776,0.13894,0.12752,0.33537,0.24703,0.15815,0.14365,0.1484,0.25345,0.073129,0.20949,0.11637,0.095697,0.086315,0.12975,0.14531,0.14037,0.13844,0.11725
0.4686,0.47374,0.45351,0.45006,0.14187,0.58582,0.2687,0.036053,0.40162,0.19021,0.51857,0.63188,0.24445,0.51112,0.44318,0.48475,0.082098,1,0.045316,0.082625,0.4992,0.65463,0.73823,0.59406,0.45542,0.56852,0.60882,0.73089,0.53332,0.58907,0.12054,0.27765,0.43266,0.70045,0.25582,0.53593,0.34711,0.40429,0.49929,0.36245,0.26627,0.34246,0.4584,0.59546,0.28238,0.45349,0.44175,0.44883,0.47408,0.48942,0.46476,0.44769,0.45547,0.44905,0.12924,0.51457,0.26535,0.02792,0.34827,0.19218,0.50476,0.61741,0.19209,0.54531,0.43647,0.45664,0.087299,0.83493,0.022859,0.063456,0.46763,0.62836,0.66866,0.55114,0.42971,0.55836,0.56839,0.66483,0.52271,0.60683,0.12355,0.26692,0.38708,0.59501,0.30055,0.52244,0.33172,0.41486,0.46847,0.39356,0.25248,0.30783,0.42717,0.53826,0.24664,0.42789,0.43884,0.44003,0.45879,0.44619
0.19809,0.02873,0.25445,0.075081,0.077042,0.12245,0.24991,0.30507,0.38115,0.13352,0.10276,0.095002,0.23539,0.14447,0.086839,0.082212,0.1737,0.045316,1,0.1488,0.10484,0.042302,0.032637,0.12268,0.18096,0.15154,0.028674,0.042275,0.18287,0.079919,0.41315,0.35213,0.17721,0.0077257,0.29667,0.2142,0.10132,0.11967,0.18383,0.40411,0.023881,0.18798,0.11594,0.082868,0.10562,0.11808,0.10091,0.09313,0.1176,0.12396,0.13713,0.032499,0.1175,0.070617,0.076957,0.10752,0.2048,0.25016,0.28881,0.11961,0.099318,-0.019539,0.16753,0.018355,0.084223,0.039188,0.1288,-0.018411,0.28756,0.11076,0.10397,0.048194,0.034087,0.12575,0.15864,0.12194,0.028201,0.055794,0.10609,0.027417,0.29679,0.24295,0.041416,-0.046508,0.23782,0.12314,0.11286,0.13322,0.09305,0.26008,0.0048507,0.12662,0.11457,0.075983,0.09072,0.13145,0.090739,0.091955,0.11985,0.1289
0.20645,0.055462,0.14837,0.088619,0.15027,0.16357,0.13699,0.18495,0.29238,0.12734,0.11012,0.11908,0.17468,0.14911,0.081895,0.058838,0.10491,0.082625,0.1488,1,0.10575,0.11145,0.091837,0.13882,0.24642,0.16928,0.072114,0.083552,0.12626,0.093319,0.23933,0.18499,0.052958,0.023405,0.16119,0.12901,0.095016,0.12379,0.11034,0.25448,0.040583,0.1595,0.11712,0.11388,0.16729,0.14298,0.10849,0.10055,0.11323,0.12734,0.17117,0.058098,0.092702,0.087232,0.087518,0.14575,0.1249,0.16676,0.24813,0.11794,0.10505,0.050725,0.13373,0.076009,0.081338,0.036683,0.083753,0.049097,0.13146,0.12934,0.099243,0.091714,0.087862,0.13513,0.19806,0.14132,0.074349,0.091037,0.10028,0.067174,0.19959,0.14963,0.0031499,-0.010465,0.15016,0.091997,0.098705,0.13142,0.079912,0.19461,0.010964,0.10038,0.10967,0.10629,0.1244,0.14922,0.10558,0.10094,0.11083,0.12759
0.37322,0.37118,0.29006,0.42668,0.12919,0.29287,0.34265,0.18101,0.30222,0.22536,0.45632,0.36616,0.15,0.29975,0.44834,0.38582,0.20511,0.4992,0.10484,0.10575,1,0.55046,0.4801,0.52737,0.5011,0.64121,0.38893,0.39045,0.32746,0.44402,0.17974,0.32271,0.27696,0.36692,0.36559,0.42192,0.34126,0.37486,0.31293,0.29973,0.16284,0.29572,0.41202,0.46206,0.20497,0.38102,0.42953,0.41889,0.46362,0.41361,0.40414,0.36313,0.3124,0.42519,0.12229,0.29878,0.34408,0.17308,0.30749,0.22193,0.4442,0.37765,0.15678,0.33421,0.44242,0.37365,0.19628,0.47457,0.1078,0.079501,0.60664,0.51744,0.48722,0.50561,0.44887,0.61518,0.37984,0.39548,0.35439,0.45766,0.1939,0.33833,0.26549,0.34991,0.38997,0.4155,0.33089,0.38016,0.31817,0.33617,0.15856,0.28019,0.39668,0.43264,0.18209,0.36803,0.41515,0.40871,0.45678,0.39624
0.36069,0.4865,0.23885,0.45788,0.14857,0.35706,0.27831,0.10843,0.2497,0.20283,0.51151,0.50531,0.12211,0.39269,0.44209,0.44512,0.16946,0.65463,0.042302,0.11145,0.55046,1,0.65202,0.60642,0.5009,0.54433,0.47078,0.51181,0.34348,0.54346,0.073998,0.27586,0.27787,0.50979,0.28406,0.419,0.34473,0.38584,0.28451,0.20972,0.22746,0.3455,0.44397,0.54689,0.23846,0.41299,0.4422,0.43234,0.49219,0.44668,0.40767,0.46081,0.27289,0.45774,0.13381,0.34397,0.28308,0.093352,0.24139,0.20216,0.49951,0.50882,0.089282,0.44808,0.43906,0.4283,0.16775,0.64265,0.025697,0.071447,0.50782,0.67031,0.63043,0.5744,0.44931,0.55383,0.45552,0.50443,0.38232,0.5829,0.079896,0.27869,0.26293,0.43573,0.32238,0.4232,0.33319,0.39878,0.29127,0.27113,0.20072,0.2896,0.42143,0.51014,0.20826,0.39847,0.43864,0.42802,0.48065,0.41584
0.4343,0.43343,0.34272,0.44484,0.14369,0.47082,0.19615,0.07801,0.26817,0.17844,0.54866,0.58767,0.16799,0.43947,0.41673,0.36017,0.054017,0.73823,0.032637,0.091837,0.4801,0.65202,1,0.77177,0.45564,0.56455,0.53764,0.63795,0.43909,0.64578,0.078362,0.20623,0.27594,0.54239,0.19319,0.36026,0.31951,0.3906,0.34037,0.20616,0.19878,0.29149,0.53884,0.68451,0.26193,0.44626,0.42473,0.4269,0.52356,0.52808,0.43062,0.4042,0.32326,0.44346,0.12912,0.40667,0.19705,0.056633,0.21276,0.18931,0.53955,0.52202,0.11035,0.42606,0.40974,0.32427,0.050383,0.68375,0.014175,0.063746,0.45546,0.62429,0.81596,0.72625,0.40842,0.56428,0.50986,0.60369,0.42329,0.64392,0.048254,0.17814,0.22049,0.42353,0.23795,0.35543,0.30023,0.41122,0.32266,0.22842,0.1777,0.24882,0.51381,0.6272,0.2368,0.42939,0.42869,0.41977,0.51401,0.51032
0.45844,0.36502,0.28388,0.48153,0.1534,0.35396,0.30098,0.19454,0.33851,0.23016,0.60953,0.39394,0.14444,0.30253,0.42022,0.34009,0.13701,0.59406,0.12268,0.13882,0.52737,0.60642,0.77177,1,0.50283,0.62922,0.45447,0.54989,0.3874,0.56405,0.18973,0.27461,0.22478,0.35263,0.33843,0.3947,0.31941,0.4066,0.29013,0.32488,0.12616,0.25938,0.61356,0.68503,0.24018,0.44668,0.46214,0.4495,0.63634,0.69783,0.45949,0.34949,0.27262,0.47974,0.15383,0.3432,0.30132,0.17881,0.30541,0.23864,0.60035,0.34929,0.11998,0.28614,0.41432,0.30562,0.12233,0.554,0.1122,0.10657,0.50209,0.59823,0.75984,0.88474,0.45809,0.62394,0.44235,0.55189,0.38772,0.55523,0.16544,0.25702,0.18144,0.29084,0.3667,0.37255,0.30272,0.43925,0.27825,0.32697,0.12119,0.2292,0.58655,0.63765,0.22591,0.4464,0.46426,0.44667,0.61475,0.64879
0.58211,0.31344,0.32133,0.3873,0.16883,0.35894,0.32342,0.25167,0.49345,0.25514,0.4283,0.43191,0.22983,0.39694,0.34237,0.31309,0.19684,0.45542,0.18096,0.24642,0.5011,0.5009,0.45564,0.50283,1,0.68207,0.35712,0.3663,0.32389,0.41661,0.30673,0.34732,0.22934,0.30747,0.36331,0.40499,0.31906,0.39291,0.2858,0.43592,0.13337,0.34258,0.39145,0.45314,0.29493,0.43295,0.39145,0.37821,0.41664,0.41582,0.54687,0.30136,0.28239,0.38279,0.15584,0.34615,0.3153,0.23086,0.4412,0.25065,0.41914,0.3521,0.17475,0.33795,0.33554,0.28161,0.17548,0.40604,0.1572,0.16146,0.45389,0.46282,0.44456,0.48036,0.5961,0.62717,0.3563,0.38225,0.32044,0.40234,0.26401,0.31807,0.17396,0.24388,0.37866,0.36786,0.31471,0.41263,0.263,0.40976,0.11487,0.27192,0.37654,0.42759,0.2447,0.42966,0.38558,0.37589,0.40889,0.409
0.66002,0.35495,0.35578,0.48952,0.15332,0.38242,0.34173,0.21909,0.45906,0.24571,0.52766,0.47327,0.20551,0.40593,0.43395,0.36285,0.18474,0.56852,0.15154,0.16928,0.64121,0.54433,0.56455,0.62922,0.68207,1,0.4452,0.45564,0.37323,0.50943,0.26814,0.35138,0.28773,0.3755,0.3776,0.45046,0.3701,0.45642,0.32696,0.42921,0.14631,0.34015,0.49233,0.56557,0.26186,0.49125,0.47733,0.46941,0.52451,0.51474,0.63234,0.34669,0.33978,0.4833,0.15343,0.37661,0.33979,0.20332,0.42039,0.25421,0.51806,0.41782,0.18209,0.37596,0.42579,0.33279,0.17058,0.50396,0.13884,0.12676,0.57784,0.53956,0.56094,0.60155,0.60691,0.79566,0.44041,0.46687,0.37773,0.4919,0.24371,0.33766,0.25231,0.33443,0.40285,0.41988,0.35755,0.47894,0.31968,0.42173,0.14784,0.30032,0.47782,0.53125,0.23311,0.48402,0.47164,0.46432,0.51581,0.51087
0.33632,0.3753,0.29925,0.72771,0.13318,0.53451,0.31506,0.065233,0.23569,0.25418,0.46978,0.37957,0.080904,0.27253,0.62645,0.38873,0.081034,0.60882,0.028674,0.072114,0.38893,0.47078,0.53764,0.45447,0.35712,0.4452,1,0.78761,0.40435,0.42645,0.019942,0.16147,0.2922,0.51822,0.35828,0.53942,0.57336,0.6198,0.54292,0.2408,0.1955,0.21069,0.39737,0.56228,0.31245,0.69214,0.65378,0.70587,0.44318,0.44638,0.369,0.36856,0.36711,0.72295,0.12776,0.50268,0.34548,0.068191,0.23655,0.28285,0.45991,0.42467,0.071106,0.34908,0.63055,0.378,0.082725,0.61613,0.026487,0.055605,0.37201,0.47859,0.53652,0.44785,0.34697,0.45898,0.91469,0.75541,0.4256,0.46881,0.035798,0.18244,0.27296,0.4781,0.43589,0.55875,0.55363,0.6385,0.54438,0.32107,0.19495,0.20384,0.38391,0.5628,0.3061,0.6574,0.66092,0.70702,0.43704,0.44672
0.35648,0.38123,0.34639,0.51137,0.14047,0.57345,0.25284,0.068064,0.27646,0.21447,0.52804,0.42077,0.11586,0.30913,0.45182,0.36911,0.051078,0.73089,0.042275,0.083552,0.39045,0.51181,0.63795,0.54989,0.3663,0.45564,0.78761,1,0.47507,0.50975,0.05092,0.16178,0.30046,0.53982,0.26565,0.49716,0.42117,0.50617,0.50605,0.25472,0.18951,0.22106,0.51529,0.6319,0.30217,0.56209,0.48772,0.50765,0.53156,0.58794,0.36437,0.36576,0.38157,0.51254,0.13459,0.52012,0.26701,0.06471,0.24992,0.23002,0.50933,0.42841,0.096514,0.35027,0.45261,0.34799,0.051184,0.70682,0.036512,0.062052,0.36873,0.50535,0.59791,0.52279,0.35014,0.46424,0.75193,0.84535,0.46675,0.52035,0.049591,0.16271,0.26209,0.46826,0.32435,0.49761,0.40274,0.52386,0.49769,0.29654,0.18912,0.20355,0.4678,0.58542,0.28955,0.53584,0.49364,0.50777,0.49031,0.53028
0.34688,0.3281,0.59885,0.29065,0.14252,0.43479,0.36314,0.23943,0.47257,0.2707,0.38947,0.43372,0.30005,0.35926,0.32518,0.34389,0.22021,0.53332,0.18287,0.12626,0.32746,0.34348,0.43909,0.3874,0.32389,0.37323,0.40435,0.47507,1,0.47544,0.45924,0.51474,0.4652,0.55641,0.40687,0.54675,0.23751,0.27102,0.51586,0.52284,0.17066,0.32309,0.41046,0.42403,0.25397,0.31491,0.33345,0.31906,0.35096,0.36759,0.30283,0.29597,0.45249,0.28663,0.12774,0.37388,0.32758,0.20131,0.37771,0.25085,0.36688,0.29124,0.20461,0.24412,0.32136,0.28478,0.16954,0.4072,0.13538,0.093809,0.31714,0.32314,0.37279,0.37261,0.30099,0.35688,0.35943,0.41813,0.58783,0.38457,0.34969,0.39778,0.27463,0.40202,0.38182,0.44893,0.2364,0.293,0.41078,0.43415,0.11405,0.24485,0.37304,0.36415,0.22833,0.31319,0.3183,0.30951,0.3467,0.35135
0.4466,0.46778,0.36122,0.43249,0.11382,0.33371,0.24761,0.11673,0.29218,0.16575,0.54858,0.56415,0.16959,0.45455,0.4199,0.39059,0.12599,0.58907,0.079919,0.093319,0.44402,0.54346,0.64578,0.56405,0.41661,0.50943,0.42645,0.50975,0.47544,1,0.18374,0.3425,0.30686,0.49865,0.25187,0.39068,0.30962,0.35303,0.28983,0.25912,0.15991,0.33983,0.53434,0.62173,0.19041,0.38161,0.4087,0.40457,0.52012,0.48398,0.4269,0.408,0.2935,0.43084,0.11166,0.31027,0.23564,0.086651,0.23758,0.17405,0.52265,0.45875,0.095483,0.38643,0.41452,0.33021,0.10843,0.54223,0.038836,0.067013,0.43835,0.54351,0.61606,0.54888,0.39292,0.50843,0.41482,0.4956,0.42896,0.66169,0.11291,0.2679,0.21159,0.38728,0.2722,0.35511,0.3043,0.38272,0.25375,0.24292,0.13514,0.27293,0.504,0.552,0.17579,0.37752,0.41012,0.40011,0.50761,0.45148
0.37583,0.079525,0.562,0.083412,0.1376,0.26797,0.39046,0.4434,0.68083,0.22611,0.15847,0.27402,0.5347,0.37077,0.13949,0.16721,0.30005,0.12054,0.41315,0.23933,0.17974,0.073998,0.078362,0.18973,0.30673,0.26814,0.019942,0.05092,0.45924,0.18374,1,0.66046,0.3443,0.14683,0.43234,0.33124,0.16615,0.18623,0.35289,0.70049,0.073808,0.36755,0.192,0.12991,0.18093,0.18079,0.14162,0.14072,0.17089,0.18905,0.25451,0.071016,0.27813,0.077774,0.1242,0.21698,0.30891,0.36533,0.49976,0.18938,0.14938,0.021657,0.36294,0.09586,0.13465,0.082928,0.20578,-0.027399,0.32331,0.17141,0.18324,0.063799,0.057606,0.19465,0.25745,0.2173,0.016483,0.053904,0.25174,0.054034,0.61288,0.44016,0.10075,0.009281,0.33079,0.1704,0.19029,0.20974,0.18581,0.44191,0.014601,0.23331,0.1861,0.11194,0.14719,0.19887,0.1242,0.13399,0.17957,0.20066
0.3413,0.3262,0.52969,0.22512,0.14524,0.2683,0.48462,0.43128,0.56717,0.26344,0.25771,0.36065,0.37565,0.38309,0.29406,0.36926,0.45574,0.27765,0.35213,0.18499,0.32271,0.27586,0.20623,0.27461,0.34732,0.35138,0.16147,0.16178,0.51474,0.3425,0.66046,1,0.47076,0.37132,0.52794,0.48436,0.25249,0.25446,0.4059,0.60752,0.16897,0.46831,0.24496,0.23336,0.18338,0.24174,0.26551,0.25323,0.24642,0.23649,0.29428,0.28053,0.33016,0.21777,0.13255,0.24276,0.41494,0.35818,0.45353,0.22693,0.24417,0.1934,0.25668,0.22977,0.2878,0.30062,0.35513,0.16516,0.26515,0.13317,0.32232,0.26075,0.19149,0.2751,0.31522,0.31888,0.14693,0.15748,0.37613,0.24649,0.5019,0.61241,0.24506,0.24406,0.44428,0.35314,0.27213,0.27299,0.26865,0.45264,0.10505,0.35849,0.23947,0.20994,0.15269,0.25236,0.24138,0.24408,0.25798,0.24014
0.26516,0.26189,0.64056,0.22558,0.10501,0.37125,0.36013,0.13075,0.42523,0.16629,0.21249,0.40893,0.37866,0.37919,0.28338,0.39995,0.19277,0.43266,0.17721,0.052958,0.27696,0.27787,0.27594,0.22478,0.22934,0.28773,0.2922,0.30046,0.4652,0.30686,0.3443,0.47076,1,0.63141,0.34837,0.49305,0.27116,0.2539,0.6152,0.4458,0.27689,0.32443,0.18788,0.2182,0.13809,0.22976,0.2326,0.25787,0.19621,0.18373,0.21739,0.24071,0.50843,0.22108,0.081701,0.30716,0.31835,0.09525,0.33261,0.13608,0.19849,0.30682,0.28488,0.24485,0.27659,0.36194,0.15433,0.32096,0.13694,0.021444,0.27086,0.24376,0.21772,0.21305,0.18577,0.26928,0.25539,0.23029,0.37421,0.25456,0.28969,0.3905,0.58693,0.53647,0.31012,0.42642,0.26766,0.24672,0.50878,0.39778,0.21018,0.27014,0.17606,0.18866,0.10268,0.21276,0.2139,0.24354,0.20549,0.18327
0.29903,0.4684,0.52082,0.37272,0.11607,0.47379,0.28893,0.026665,0.26515,0.18156,0.35292,0.59301,0.20903,0.46178,0.40451,0.49144,0.1469,0.70045,0.0077257,0.023405,0.36692,0.50979,0.54239,0.35263,0.30747,0.3755,0.51822,0.53982,0.55641,0.49865,0.14683,0.37132,0.63141,1,0.27484,0.54719,0.3299,0.32266,0.53649,0.26117,0.31792,0.33411,0.28794,0.41082,0.22752,0.34187,0.3595,0.37903,0.29657,0.27381,0.31548,0.42554,0.46319,0.36982,0.088987,0.394,0.2719,-0.0022338,0.21848,0.16138,0.33815,0.53422,0.11174,0.45485,0.39858,0.46082,0.13106,0.61309,-0.028372,0.001753,0.34859,0.46632,0.45986,0.3309,0.27531,0.37225,0.46212,0.45794,0.49745,0.48778,0.11653,0.31786,0.47785,0.71399,0.28834,0.51463,0.31833,0.32305,0.47031,0.3133,0.2418,0.27252,0.26698,0.3664,0.18103,0.31521,0.3488,0.36557,0.29889,0.25996
0.28904,0.26192,0.43879,0.45806,0.15876,0.24534,0.7095,0.42058,0.47684,0.42104,0.3379,0.16884,0.14732,0.1365,0.46181,0.4265,0.37618,0.25582,0.29667,0.16119,0.36559,0.28406,0.19319,0.33843,0.36331,0.3776,0.35828,0.26565,0.40687,0.25187,0.43234,0.52794,0.34837,0.27484,1,0.70739,0.31121,0.32031,0.57854,0.6034,0.11829,0.28748,0.28804,0.27393,0.27943,0.35011,0.49931,0.41809,0.3257,0.31438,0.28415,0.26403,0.38849,0.44395,0.15734,0.26226,0.67759,0.40863,0.47074,0.39153,0.31916,0.1272,0.15441,0.10367,0.45554,0.39961,0.33656,0.21248,0.29939,0.12938,0.35773,0.28303,0.21365,0.33879,0.34852,0.36358,0.33584,0.27063,0.38517,0.22683,0.40865,0.4995,0.24968,0.25966,0.82959,0.62464,0.31388,0.33671,0.48936,0.57284,0.089432,0.25897,0.28463,0.26682,0.24647,0.35865,0.45835,0.41372,0.33104,0.31019
0.37466,0.38104,0.52222,0.47563,0.14914,0.38707,0.60348,0.26311,0.48874,0.3545,0.44967,0.35055,0.16087,0.26174,0.47536,0.53473,0.28974,0.53593,0.2142,0.12901,0.42192,0.419,0.36026,0.3947,0.40499,0.45046,0.53942,0.49716,0.54675,0.39068,0.33124,0.48436,0.49305,0.54719,0.70739,1,0.36719,0.37917,0.6633,0.60168,0.18827,0.31032,0.35481,0.38524,0.29243,0.40103,0.48836,0.45053,0.4065,0.35545,0.39701,0.37092,0.50844,0.47443,0.14272,0.39637,0.58969,0.26476,0.49747,0.33394,0.41761,0.34529,0.15924,0.28412,0.47547,0.50977,0.27292,0.47597,0.21064,0.1051,0.41035,0.41627,0.3567,0.38834,0.40124,0.45018,0.49627,0.4642,0.54316,0.38967,0.35258,0.48517,0.40359,0.50607,0.70753,0.79921,0.36552,0.39582,0.59562,0.63323,0.16386,0.28911,0.34124,0.36205,0.25491,0.40098,0.46769,0.44649,0.40846,0.3451
0.29863,0.27431,0.26364,0.52018,0.11018,0.35476,0.3188,0.15083,0.27423,0.18835,0.32302,0.29107,0.16504,0.25965,0.57695,0.32708,0.15098,0.34711,0.10132,0.095016,0.34126,0.34473,0.31951,0.31941,0.31906,0.3701,0.57336,0.42117,0.23751,0.30962,0.16615,0.25249,0.27116,0.3299,0.31121,0.36719,1,0.84141,0.38268,0.26592,0.1627,0.22692,0.27124,0.36611,0.20564,0.61208,0.44287,0.60963,0.3367,0.29426,0.30728,0.27883,0.2915,0.52213,0.11088,0.35401,0.32789,0.14714,0.283,0.20172,0.32096,0.32026,0.16726,0.29319,0.56715,0.32413,0.14637,0.36522,0.11129,0.071153,0.33125,0.35591,0.35013,0.31764,0.30274,0.36732,0.58181,0.43699,0.26868,0.32676,0.17715,0.26715,0.27517,0.34049,0.34389,0.38307,0.87216,0.74462,0.39216,0.31061,0.16473,0.21706,0.27412,0.37642,0.19728,0.55165,0.43755,0.57556,0.34559,0.30663
0.3925,0.28479,0.2668,0.53042,0.12951,0.42455,0.31146,0.16669,0.33153,0.20945,0.39194,0.31417,0.16633,0.27234,0.50488,0.31648,0.14274,0.40429,0.11967,0.12379,0.37486,0.38584,0.3906,0.4066,0.39291,0.45642,0.6198,0.50617,0.27102,0.35303,0.18623,0.25446,0.2539,0.32266,0.32031,0.37917,0.84141,1,0.37892,0.33515,0.14306,0.23714,0.33665,0.45339,0.25463,0.73271,0.46937,0.59516,0.39694,0.38153,0.39696,0.29038,0.30814,0.53092,0.13414,0.42723,0.32167,0.16429,0.33482,0.23038,0.38947,0.34824,0.1699,0.31224,0.5003,0.31052,0.13774,0.42812,0.12192,0.095581,0.35632,0.39994,0.42987,0.40273,0.36981,0.45089,0.63603,0.53333,0.31073,0.37549,0.19432,0.26963,0.25506,0.33354,0.3608,0.39336,0.80084,0.87319,0.39611,0.37369,0.15532,0.22698,0.33664,0.46566,0.24745,0.67481,0.47056,0.569,0.3998,0.39562
0.30968,0.24971,0.73889,0.33547,0.16682,0.58424,0.51297,0.24286,0.5365,0.35003,0.29278,0.38297,0.37804,0.32793,0.39563,0.41954,0.1819,0.49929,0.18383,0.11034,0.31293,0.28451,0.34037,0.29013,0.2858,0.32696,0.54292,0.50605,0.51586,0.28983,0.35289,0.4059,0.6152,0.53649,0.57854,0.6633,0.38268,0.37892,1,0.58763,0.24915,0.28818,0.2529,0.28415,0.34169,0.4225,0.3812,0.39737,0.26899,0.26831,0.24398,0.24973,0.64204,0.33718,0.15088,0.49089,0.49747,0.23393,0.46854,0.32657,0.26995,0.31044,0.35177,0.22426,0.39452,0.37712,0.15744,0.37533,0.21233,0.08179,0.30619,0.27144,0.27836,0.28274,0.26777,0.31532,0.48669,0.40879,0.42903,0.24922,0.33752,0.37763,0.46494,0.49637,0.56417,0.60942,0.36838,0.36643,0.80544,0.55074,0.22259,0.27504,0.24286,0.26305,0.29808,0.39497,0.36108,0.37992,0.27697,0.27047
0.54969,0.16069,0.6605,0.2608,0.16465,0.41298,0.51574,0.40682,0.8193,0.31552,0.28602,0.3452,0.48234,0.37555,0.28123,0.2994,0.28029,0.36245,0.40411,0.25448,0.29973,0.20972,0.20616,0.32488,0.43592,0.42921,0.2408,0.25472,0.52284,0.25912,0.70049,0.60752,0.4458,0.26117,0.6034,0.60168,0.26592,0.33515,0.58763,1,0.10349,0.37486,0.27378,0.25903,0.27616,0.35214,0.31521,0.29736,0.2815,0.29874,0.43014,0.16504,0.47965,0.25595,0.15578,0.37763,0.46484,0.37353,0.69181,0.28365,0.27183,0.17963,0.40135,0.19707,0.27513,0.23911,0.22209,0.20752,0.36041,0.18984,0.28636,0.20089,0.19406,0.31845,0.3864,0.37144,0.22269,0.2403,0.4163,0.17776,0.59501,0.49785,0.26774,0.19667,0.54548,0.46627,0.28078,0.35437,0.44335,0.73893,0.079567,0.28838,0.26568,0.23842,0.22715,0.36043,0.29506,0.29114,0.28664,0.30076
0.095182,0.19118,0.21021,0.13902,0.083175,0.22893,0.14149,0.15231,0.12968,0.087053,0.13035,0.22938,0.18303,0.21594,0.16978,0.23223,0.10755,0.26627,0.023881,0.040583,0.16284,0.22746,0.19878,0.12616,0.13337,0.14631,0.1955,0.18951,0.17066,0.15991,0.073808,0.16897,0.27689,0.31792,0.11829,0.18827,0.1627,0.14306,0.24915,0.10349,1,0.21856,0.097388,0.1327,0.11677,0.14146,0.13455,0.1544,0.10883,0.088075,0.10401,0.17815,0.18059,0.13772,0.053077,0.18359,0.12574,0.042288,0.10046,0.073991,0.12212,0.22348,0.12512,0.21066,0.1674,0.21071,0.08669,0.23042,0.010275,0.0015303,0.1585,0.20012,0.16971,0.11871,0.11181,0.14868,0.17641,0.15831,0.13951,0.16555,0.056983,0.13776,0.21187,0.25557,0.11301,0.18114,0.15604,0.13651,0.21409,0.11113,0.15829,0.15403,0.091946,0.12409,0.088174,0.12723,0.13053,0.14645,0.11138,0.086215
0.35708,0.26947,0.38838,0.22029,0.12773,0.28777,0.26847,0.21715,0.41144,0.17663,0.23525,0.4757,0.3606,0.50491,0.27457,0.26597,0.22889,0.34246,0.18798,0.1595,0.29572,0.3455,0.29149,0.25938,0.34258,0.34015,0.21069,0.22106,0.32309,0.33983,0.36755,0.46831,0.32443,0.33411,0.28748,0.31032,0.22692,0.23714,0.28818,0.37486,0.21856,1,0.21399,0.25902,0.19032,0.25585,0.2502,0.24452,0.21506,0.20252,0.32239,0.2513,0.27988,0.21667,0.10161,0.24311,0.23401,0.17361,0.33705,0.15241,0.22738,0.35045,0.24932,0.37886,0.26776,0.21886,0.18269,0.25678,0.13505,0.091285,0.28512,0.29128,0.2613,0.25181,0.29325,0.3092,0.20204,0.20781,0.26343,0.2903,0.2915,0.36478,0.18593,0.23036,0.26224,0.24591,0.23189,0.24567,0.21111,0.30775,0.13201,0.40054,0.20777,0.23263,0.14402,0.2513,0.23832,0.23702,0.22106,0.20297
0.36833,0.29908,0.25788,0.39993,0.13211,0.29931,0.25546,0.18588,0.27577,0.1983,0.69021,0.30372,0.12941,0.24428,0.34025,0.2783,0.11926,0.4584,0.11594,0.11712,0.41202,0.44397,0.53884,0.61356,0.39145,0.49233,0.39737,0.51529,0.41046,0.53434,0.192,0.24496,0.18788,0.28794,0.28804,0.35481,0.27124,0.33665,0.2529,0.27378,0.097388,0.21399,1,0.65561,0.20129,0.36105,0.3783,0.36624,0.72434,0.64213,0.36558,0.28121,0.22909,0.39887,0.13214,0.28747,0.25295,0.16311,0.24476,0.20697,0.65702,0.2518,0.097295,0.20795,0.33735,0.23953,0.099842,0.42829,0.10134,0.088187,0.4012,0.44385,0.53241,0.5966,0.36461,0.49728,0.38122,0.50578,0.37036,0.5081,0.15367,0.2114,0.12614,0.22389,0.3049,0.32148,0.25862,0.36886,0.22738,0.26103,0.086804,0.18025,0.70491,0.59017,0.19624,0.36488,0.38355,0.36637,0.65657,0.59491
0.44251,0.38502,0.2838,0.53319,0.1362,0.37697,0.24915,0.13765,0.28015,0.19623,0.60709,0.43424,0.12076,0.3339,0.45658,0.33765,0.10168,0.59546,0.082868,0.11388,0.46206,0.54689,0.68451,0.68503,0.45314,0.56557,0.56228,0.6319,0.42403,0.62173,0.12991,0.23336,0.2182,0.41082,0.27393,0.38524,0.36611,0.45339,0.28415,0.25903,0.1327,0.25902,0.65561,1,0.23294,0.49757,0.48643,0.48695,0.62599,0.71409,0.44805,0.36724,0.27481,0.53181,0.13502,0.35994,0.25639,0.11691,0.24768,0.21391,0.58838,0.40639,0.0808,0.33708,0.45264,0.30363,0.091137,0.57294,0.059999,0.083092,0.44304,0.54546,0.67263,0.65431,0.41816,0.56629,0.54842,0.61799,0.41858,0.60666,0.098716,0.21117,0.17255,0.33877,0.31728,0.37335,0.35525,0.48714,0.27629,0.27401,0.12758,0.22174,0.58779,0.71187,0.22475,0.4907,0.4947,0.48853,0.57957,0.60822
0.24949,0.1716,0.26029,0.21161,0.19784,0.41406,0.22339,0.19045,0.29257,0.33986,0.22773,0.23776,0.18176,0.21448,0.20762,0.17004,0.10452,0.28238,0.10562,0.16729,0.20497,0.23846,0.26193,0.24018,0.29493,0.26186,0.31245,0.30217,0.25397,0.19041,0.18093,0.18338,0.13809,0.22752,0.27943,0.29243,0.20564,0.25463,0.34169,0.27616,0.11677,0.19032,0.20129,0.23294,1,0.36326,0.26546,0.24275,0.19676,0.21254,0.2355,0.17064,0.23709,0.21103,0.13667,0.32533,0.23045,0.17764,0.26683,0.2704,0.21692,0.19655,0.15024,0.18946,0.20582,0.14305,0.088142,0.23553,0.10905,0.11748,0.19208,0.22348,0.23414,0.23165,0.27283,0.25017,0.29043,0.27943,0.21726,0.1845,0.16016,0.16134,0.083752,0.16576,0.2937,0.26947,0.19951,0.26122,0.29195,0.27478,0.098409,0.15314,0.19398,0.22806,0.32159,0.3434,0.25356,0.2386,0.19863,0.21773
0.43462,0.30157,0.2894,0.59814,0.15358,0.4924,0.30542,0.16682,0.35401,0.27806,0.42358,0.35342,0.16978,0.29651,0.54258,0.29977,0.12278,0.45349,0.11808,0.14298,0.38102,0.41299,0.44626,0.44668,0.43295,0.49125,0.69214,0.56209,0.31491,0.38161,0.18079,0.24174,0.22976,0.34187,0.35011,0.40103,0.61208,0.73271,0.4225,0.35214,0.14146,0.25585,0.36105,0.49757,0.36326,1,0.58526,0.6793,0.40004,0.41712,0.43458,0.30465,0.32614,0.59289,0.15436,0.46789,0.32336,0.16125,0.34536,0.30044,0.41873,0.36676,0.16411,0.32224,0.53854,0.28276,0.11518,0.45952,0.11032,0.1131,0.35894,0.42274,0.47113,0.44186,0.40652,0.48259,0.69109,0.57627,0.34139,0.40277,0.17523,0.24809,0.20613,0.32754,0.40192,0.40442,0.59371,0.73156,0.42276,0.38761,0.14902,0.23476,0.35728,0.50929,0.34082,0.79037,0.5852,0.65963,0.39984,0.43059
0.35834,0.34849,0.26642,0.77081,0.1296,0.32083,0.42219,0.17012,0.28311,0.32338,0.44703,0.32372,0.10143,0.24875,0.7362,0.34818,0.16569,0.44175,0.10091,0.10849,0.42953,0.4422,0.42473,0.46214,0.39145,0.47733,0.65378,0.48772,0.33345,0.4087,0.14162,0.26551,0.2326,0.3595,0.49931,0.48836,0.44287,0.46937,0.3812,0.31521,0.13455,0.2502,0.3783,0.48643,0.26546,0.58526,1,0.72658,0.43469,0.41579,0.38652,0.34278,0.29367,0.75678,0.12937,0.32811,0.42048,0.16483,0.28402,0.3154,0.44107,0.3291,0.095866,0.27898,0.7251,0.33227,0.15567,0.44233,0.09437,0.082,0.41132,0.44988,0.44667,0.46117,0.3697,0.47365,0.63642,0.50317,0.36342,0.43107,0.14186,0.26985,0.20418,0.33528,0.53827,0.47655,0.42621,0.50116,0.37555,0.36122,0.13009,0.22965,0.3748,0.49098,0.24757,0.56295,0.75785,0.7132,0.43701,0.42175
0.36663,0.33905,0.27706,0.78517,0.12543,0.35271,0.36469,0.14645,0.28211,0.25393,0.42889,0.33734,0.12497,0.26877,0.78536,0.35436,0.14526,0.44883,0.09313,0.10055,0.41889,0.43234,0.4269,0.4495,0.37821,0.46941,0.70587,0.50765,0.31906,0.40457,0.14072,0.25323,0.25787,0.37903,0.41809,0.45053,0.60963,0.59516,0.39737,0.29736,0.1544,0.24452,0.36624,0.48695,0.24275,0.6793,0.72658,1,0.42811,0.41568,0.38517,0.33523,0.30059,0.77802,0.1248,0.3516,0.38309,0.13956,0.27567,0.27132,0.42588,0.34464,0.11892,0.29573,0.77216,0.33854,0.13457,0.45316,0.090014,0.07595,0.40299,0.44362,0.4479,0.44797,0.35681,0.46743,0.69416,0.52596,0.34742,0.4232,0.13899,0.25646,0.23715,0.35868,0.46963,0.44847,0.57335,0.60976,0.39541,0.33867,0.14796,0.22711,0.36524,0.49135,0.23506,0.62446,0.70721,0.84219,0.43182,0.42066
0.37961,0.3342,0.23869,0.47665,0.13102,0.29161,0.29136,0.18615,0.27752,0.20727,0.69777,0.30113,0.11887,0.2445,0.40773,0.32979,0.13726,0.47408,0.1176,0.11323,0.46362,0.49219,0.52356,0.63634,0.41664,0.52451,0.44318,0.53156,0.35096,0.52012,0.17089,0.24642,0.19621,0.29657,0.3257,0.4065,0.3367,0.39694,0.26899,0.2815,0.10883,0.21506,0.72434,0.62599,0.19676,0.40004,0.43469,0.42811,1,0.65217,0.38418,0.31948,0.22315,0.47565,0.13551,0.29444,0.2969,0.16686,0.25351,0.21836,0.66992,0.27283,0.093013,0.22761,0.40575,0.29359,0.11979,0.45944,0.10406,0.085422,0.45265,0.50073,0.53725,0.6228,0.38951,0.53211,0.43243,0.53216,0.34476,0.5139,0.13911,0.22378,0.15252,0.2487,0.35049,0.38009,0.32193,0.42684,0.25345,0.28007,0.10581,0.18676,0.6629,0.58384,0.19373,0.39854,0.43986,0.4277,0.7463,0.61192
0.39216,0.28259,0.24877,0.45249,0.1393,0.33254,0.27696,0.1942,0.30144,0.212,0.58334,0.2734,0.11916,0.21966,0.36006,0.27365,0.12273,0.48942,0.12396,0.12734,0.41361,0.44668,0.52808,0.69783,0.41582,0.51474,0.44638,0.58794,0.36759,0.48398,0.18905,0.23649,0.18373,0.27381,0.31438,0.35545,0.29426,0.38153,0.26831,0.29874,0.088075,0.20252,0.64213,0.71409,0.21254,0.41712,0.41579,0.41568,0.65217,1,0.38157,0.27307,0.23079,0.45254,0.14542,0.32164,0.27854,0.17645,0.27148,0.22149,0.55642,0.22827,0.10036,0.19217,0.35778,0.2391,0.10341,0.4551,0.116,0.097077,0.38985,0.43937,0.51537,0.66079,0.38109,0.50733,0.43419,0.56337,0.34216,0.44771,0.15546,0.21257,0.13083,0.22175,0.33516,0.32646,0.28179,0.42094,0.25273,0.29003,0.087415,0.1743,0.57241,0.60773,0.21225,0.42081,0.4256,0.41829,0.58098,0.72932
